# Spectral Irradiance of Standard Lamp S-1352, in microWatt/cm2 per nanometer
# Wavelength, irradiance, one sigma uncertainty in percent
350   0.9106 1.35
360   1.142  1.25
370   1.412  1.25
380   1.717  1.0
390   2.062  1.0
400   2.442  1.0
450   4.923  1.0
500   8.121  0.75
555   11.99  0.75
600   15.10  0.75
654.6 18.49  0.6
700   20.79  0.65
800   24.04  0.65
900   25.03  0.65
1050  23.65  0.65
1150  21.75  0.27
1200  20.69  0.26
1300  18.49  0.25
1540  13.57  0.24
1600  12.52  0.23
1700  10.92  0.24
2000  7.235  0.25
2100  6.324  0.25
2300  4.863  0.25
2400  4.254  0.55
2500  3.880  4.0
