# panel reflectance
# wavelength (nm), 8 degree hemispherical reflectance, one sigma uncertainty
350 0.986 0.002651
400 0.9894 0.00265
450 0.9894 0.00265
500 0.9902 0.00265
550 0.9900 0.00265
600 0.9906 0.00265
650 0.9902 0.00245
700 0.9906 0.00245
750 0.9903 0.00245
800 0.9901 0.00245
850 0.9890 0.00245
900 0.9905 0.00245
950 0.9905 0.00245
1000 0.9904 0.00245
1050 0.9904 0.00245
1100 0.9903 0.00245
1150 0.9902 0.00245
1200 0.9893 0.00245
1250 0.9891 0.00245
1300 0.9882 0.00245
1350 0.9871 0.00245
1400 0.9869 0.00245
1450 0.9877 0.00245
1500 0.9878 0.00245
1550 0.9876 0.0044
1600 0.9874 0.0044
1650 0.9861 0.0044
1700 0.9845 0.0044
1750 0.9847 0.0044
1800 0.9841 0.0044
1850 0.9795 0.0044
1900 0.9777 0.0044
1950 0.9762 0.0044
2000 0.9702 0.0044
2050 0.9586 0.0044
2100 0.9502 0.0044
2150 0.9467 0.0044
2200 0.9631 0.0044
2250 0.964 0.0151
2300 0.957 0.0151
2350 0.946 0.0151
2400 0.942 0.0151
2450 0.940 0.0151
2500 0.939 0.0151
