# Wavelength transmittance
350 0.92596452
351 0.92605407
352 0.92615341
353 0.92624655
354 0.92635168
355 0.92646308
356 0.92656958
357 0.92665405
358 0.92672263
359 0.92677758
360 0.92683727
361 0.92690438
362 0.92697576
363 0.92704051
364 0.92709556
365 0.92714495
366 0.92720525
367 0.92727633
368 0.92736592
369 0.92745430
370 0.92752652
371 0.92757315
372 0.92761074
373 0.92763871
374 0.92769604
375 0.92776087
376 0.92780796
377 0.92783220
378 0.92783701
379 0.92781199
380 0.92780975
381 0.92783762
382 0.92788220
383 0.92794308
384 0.92800363
385 0.92804134
386 0.92807346
387 0.92809102
388 0.92810043
389 0.92811836
390 0.92814370
391 0.92817196
392 0.92820627
393 0.92822603
394 0.92823576
395 0.92825536
396 0.92828870
397 0.92833645
398 0.92839085
399 0.92843504
400 0.92845629
401 0.92846625
402 0.92847391
403 0.92849291
404 0.92851102
405 0.92853090
406 0.92854794
407 0.92856433
408 0.92858137
409 0.92861553
410 0.92865616
411 0.92869639
412 0.92872679
413 0.92875330
414 0.92877237
415 0.92879603
416 0.92882226
417 0.92884721
418 0.92886782
419 0.92888843
420 0.92890465
421 0.92892283
422 0.92895153
423 0.92898202
424 0.92900903
425 0.92903783
426 0.92906259
427 0.92907519
428 0.92909284
429 0.92911482
430 0.92913802
431 0.92916696
432 0.92919924
433 0.92921465
434 0.92922111
435 0.92922857
436 0.92924089
437 0.92926296
438 0.92929548
439 0.92932797
440 0.92935154
441 0.92935874
442 0.92935538
443 0.92934814
444 0.92933947
445 0.92933794
446 0.92934587
447 0.92935551
448 0.92936949
449 0.92938378
450 0.92939403
451 0.92940160
452 0.92940675
453 0.92940105
454 0.92939767
455 0.92940186
456 0.92941319
457 0.92943720
458 0.92947328
459 0.92950120
460 0.92952144
461 0.92953958
462 0.92955568
463 0.92957235
464 0.92959857
465 0.92962425
466 0.92964635
467 0.92966584
468 0.92968469
469 0.92969959
470 0.92971282
471 0.92972202
472 0.92973080
473 0.92973483
474 0.92973792
475 0.92974028
476 0.92974745
477 0.92975946
478 0.92977633
479 0.92979449
480 0.92981285
481 0.92982735
482 0.92983575
483 0.92983925
484 0.92983643
485 0.92982555
486 0.92981225
487 0.92979983
488 0.92979234
489 0.92979149
490 0.92979909
491 0.92980673
492 0.92981049
493 0.92981614
494 0.92982250
495 0.92982137
496 0.92981886
497 0.92981778
498 0.92982152
499 0.92983684
500 0.92986490
501 0.92989571
502 0.92992480
503 0.92994677
504 0.92995938
505 0.92996838
506 0.92997923
507 0.92999286
508 0.93001222
509 0.93003849
510 0.93007271
511 0.93011291
512 0.93015241
513 0.93018158
514 0.93019937
515 0.93020719
516 0.93020962
517 0.93021661
518 0.93023075
519 0.93024790
520 0.93027222
521 0.93030055
522 0.93032698
523 0.93035308
524 0.93037736
525 0.93039207
526 0.93040270
527 0.93041813
528 0.93043800
529 0.93046070
530 0.93048570
531 0.93050702
532 0.93052293
533 0.93053635
534 0.93054758
535 0.93055633
536 0.93056559
537 0.93057460
538 0.93058337
539 0.93059459
540 0.93060441
541 0.93061417
542 0.93062761
543 0.93064037
544 0.93065350
545 0.93067033
546 0.93068480
547 0.93069567
548 0.93071046
549 0.93072926
550 0.93074949
551 0.93077095
552 0.93078518
553 0.93078881
554 0.93078866
555 0.93078700
556 0.93079343
557 0.93081343
558 0.93083754
559 0.93085461
560 0.93086240
561 0.93085438
562 0.93083774
563 0.93082517
564 0.93082065
565 0.93082168
566 0.93083106
567 0.93084276
568 0.93085371
569 0.93086760
570 0.93088708
571 0.93090923
572 0.93093366
573 0.93095523
574 0.93096942
575 0.93097579
576 0.93097724
577 0.93097275
578 0.93097127
579 0.93097043
580 0.93097497
581 0.93098973
582 0.93101242
583 0.93103032
584 0.93104607
585 0.93104929
586 0.93104450
587 0.93104047
588 0.93104771
589 0.93105693
590 0.93106910
591 0.93107883
592 0.93109039
593 0.93109956
594 0.93111457
595 0.93113137
596 0.93114601
597 0.93115328
598 0.93116379
599 0.93117088
600 0.93118348
601 0.93120622
602 0.93123422
603 0.93125786
604 0.93128251
605 0.93130047
606 0.93130935
607 0.93131609
608 0.93132393
609 0.93132371
610 0.93132512
611 0.93133048
612 0.93134239
613 0.93136888
614 0.93141170
615 0.93144846
616 0.93147219
617 0.93148172
618 0.93147343
619 0.93145967
620 0.93145551
621 0.93146041
622 0.93147214
623 0.93148853
624 0.93149980
625 0.93150334
626 0.93150290
627 0.93149900
628 0.93149703
629 0.93149936
630 0.93150981
631 0.93152631
632 0.93154572
633 0.93156490
634 0.93158098
635 0.93159010
636 0.93160066
637 0.93161894
638 0.93164289
639 0.93167380
640 0.93170180
641 0.93171842
642 0.93172116
643 0.93172105
644 0.93172129
645 0.93172549
646 0.93172693
647 0.93172932
648 0.93173444
649 0.93174456
650 0.93177209
651 0.93180536
652 0.93182939
653 0.93183770
654 0.93183583
655 0.93181849
656 0.93181183
657 0.93182499
658 0.93185312
659 0.93189129
660 0.93193251
661 0.93195913
662 0.93196892
663 0.93196775
664 0.93196102
665 0.93195808
666 0.93196965
667 0.93199330
668 0.93202157
669 0.93204603
670 0.93206387
671 0.93207167
672 0.93208133
673 0.93209402
674 0.93211034
675 0.93212867
676 0.93214599
677 0.93215211
678 0.93215434
679 0.93215381
680 0.93215204
681 0.93215804
682 0.93217075
683 0.93218440
684 0.93220494
685 0.93222732
686 0.93224572
687 0.93226335
688 0.93227324
689 0.93227016
690 0.93225389
691 0.93223130
692 0.93221623
693 0.93221567
694 0.93223981
695 0.93226781
696 0.93229084
697 0.93230029
698 0.93230631
699 0.93230265
700 0.93230896
701 0.93232208
702 0.93233365
703 0.93233962
704 0.93235054
705 0.93235065
706 0.93235093
707 0.93235294
708 0.93235765
709 0.93236064
710 0.93237113
711 0.93238360
712 0.93239054
713 0.93239167
714 0.93238567
715 0.93237686
716 0.93237136
717 0.93237386
718 0.93238656
719 0.93240568
720 0.93242709
721 0.93244351
722 0.93245199
723 0.93244968
724 0.93244059
725 0.93242854
726 0.93242310
727 0.93242154
728 0.93242742
729 0.93243391
730 0.93244152
731 0.93243766
732 0.93242856
733 0.93241639
734 0.93240680
735 0.93239847
736 0.93239783
737 0.93240183
738 0.93240883
739 0.93241408
740 0.93241955
741 0.93242482
742 0.93242960
743 0.93243624
744 0.93244299
745 0.93244332
746 0.93243540
747 0.93242715
748 0.93242414
749 0.93243037
750 0.93244775
751 0.93246680
752 0.93247846
753 0.93247740
754 0.93247251
755 0.93246512
756 0.93246343
757 0.93246707
758 0.93247439
759 0.93248560
760 0.93250496
761 0.93252150
762 0.93254191
763 0.93256153
764 0.93257376
765 0.93258251
766 0.93259563
767 0.93260238
768 0.93260774
769 0.93261689
770 0.93262451
771 0.93263038
772 0.93263972
773 0.93264862
774 0.93265331
775 0.93266048
776 0.93266826
777 0.93266935
778 0.93266454
779 0.93266653
780 0.93266544
781 0.93266847
782 0.93267838
783 0.93268920
784 0.93269515
785 0.93271001
786 0.93272013
787 0.93272454
788 0.93272986
789 0.93273173
790 0.93272626
791 0.93273144
792 0.93274416
793 0.93275783
794 0.93276651
795 0.93276754
796 0.93275865
797 0.93274498
798 0.93273527
799 0.93273287
800 0.93273400
801 0.93273663
802 0.93273982
803 0.93274104
804 0.93274542
805 0.93275542
806 0.93276850
807 0.93278653
808 0.93281208
809 0.93284167
810 0.93287010
811 0.93288636
812 0.93288293
813 0.93286525
814 0.93284603
815 0.93283496
816 0.93283859
817 0.93285560
818 0.93287230
819 0.93287909
820 0.93287548
821 0.93286976
822 0.93287022
823 0.93288128
824 0.93290014
825 0.93291771
826 0.93292531
827 0.93292465
828 0.93292033
829 0.93291172
830 0.93290101
831 0.93288560
872 0.93296458
873 0.93296080
874 0.93295686
875 0.93295284
876 0.93294868
877 0.93294450
878 0.93294061
879 0.93293714
880 0.93293432
881 0.93293201
882 0.93293011
883 0.93292842
884 0.93292698
885 0.93292573
886 0.93292457
887 0.93292318
888 0.93292148
889 0.93291941
890 0.93291702
891 0.93291452
892 0.93291206
893 0.93290959
894 0.93290745
895 0.93290575
896 0.93290444
897 0.93290338
898 0.93290254
899 0.93290182
900 0.93290125
901 0.93290088
902 0.93290049
903 0.93290014
904 0.93289993
905 0.93290002
906 0.93290040
907 0.93290098
908 0.93290166
909 0.93290232
910 0.93290304
911 0.93290395
912 0.93290508
913 0.93290639
914 0.93290805
915 0.93291014
916 0.93291269
917 0.93291578
918 0.93291949
919 0.93292378
920 0.93292871
921 0.93293409
922 0.93293965
923 0.93294531
924 0.93295107
925 0.93295684
926 0.93296253
927 0.93296801
928 0.93297305
929 0.93297766
930 0.93298190
931 0.93298567
932 0.93298870
933 0.93299076
934 0.93299183
935 0.93299189
936 0.93299095
937 0.93298908
938 0.93298639
939 0.93298336
940 0.93298072
941 0.93297915
942 0.93297911
943 0.93298108
944 0.93298541
945 0.93299217
946 0.93300108
947 0.93301150
948 0.93302268
949 0.93303390
950 0.93304468
951 0.93305468
952 0.93306383
953 0.93307235
954 0.93308061
955 0.93308918
956 0.93309849
957 0.93310875
958 0.93311995
959 0.93313180
960 0.93314398
961 0.93315600
962 0.93316728
963 0.93317731
964 0.93318584
965 0.93319280
966 0.93319831
967 0.93320269
968 0.93320624
969 0.93320938
970 0.93321267
971 0.93321647
972 0.93322091
973 0.93322609
974 0.93323198
975 0.93323835
976 0.93324501
977 0.93325182
978 0.93325858
979 0.93326511
980 0.93327129
981 0.93327696
982 0.93328194
983 0.93328623
984 0.93328988
985 0.93329304
986 0.93329597
987 0.93329883
988 0.93330164
989 0.93330443
990 0.93330737
991 0.93331047
992 0.93331358
993 0.93331661
994 0.93331945
995 0.93332195
996 0.93332409
997 0.93332587
998 0.93332719
999 0.93332812
1000 0.93332875
1001 0.93332923
1002 0.93332995
1003 0.93333125
1004 0.93333321
1005 0.93333581
1006 0.93333891
1007 0.93334222
1008 0.93334531
1009 0.93334780
1010 0.93334950
1011 0.93335022
1012 0.93334977
1013 0.93334808
1014 0.93334523
1015 0.93334151
1016 0.93333741
1017 0.93333343
1018 0.93332991
1019 0.93332715
1020 0.93332543
1021 0.93332480
1022 0.93332537
1023 0.93332700
1024 0.93332921
1025 0.93333162
1026 0.93333388
1027 0.93333567
1028 0.93333666
1029 0.93333662
1030 0.93333542
1031 0.93333340
1032 0.93333105
1033 0.93332867
1034 0.93332647
1035 0.93332474
1036 0.93332368
1037 0.93332329
1038 0.93332338
1039 0.93332354
1040 0.93332338
1041 0.93332270
1042 0.93332139
1043 0.93331960
1044 0.93331753
1045 0.93331539
1046 0.93331344
1047 0.93331177
1048 0.93331047
1049 0.93330950
1050 0.93330876
1051 0.93330814
1052 0.93330737
1053 0.93330626
1054 0.93330483
1055 0.93330309
1056 0.93330111
1057 0.93329925
1058 0.93329766
1059 0.93329643
1060 0.93329570
1061 0.93329549
1062 0.93329576
1063 0.93329642
1064 0.93329735
1065 0.93329840
1066 0.93329951
1067 0.93330060
1068 0.93330163
1069 0.93330277
1070 0.93330429
1071 0.93330640
1072 0.93330924
1073 0.93331277
1074 0.93331698
1075 0.93332166
1076 0.93332652
1077 0.93333106
1078 0.93333470
1079 0.93333698
1080 0.93333767
1081 0.93333676
1082 0.93333444
1083 0.93333123
1084 0.93332764
1085 0.93332444
1086 0.93332227
1087 0.93332168
1088 0.93332279
1089 0.93332558
1090 0.93332969
1091 0.93333443
1092 0.93333889
1093 0.93334236
1094 0.93334431
1095 0.93334445
1096 0.93334302
1097 0.93334043
1098 0.93333725
1099 0.93333424
1100 0.93333208
1101 0.93333107
1102 0.93333130
1103 0.93333263
1104 0.93333465
1105 0.93333689
1106 0.93333896
1107 0.93334054
1108 0.93334154
1109 0.93334234
1110 0.93334337
1111 0.93334506
1112 0.93334756
1113 0.93335104
1114 0.93335520
1115 0.93335967
1116 0.93336372
1117 0.93336667
1118 0.93336811
1119 0.93336797
1120 0.93336639
1121 0.93336358
1122 0.93336029
1123 0.93335724
1124 0.93335521
1125 0.93335451
1126 0.93335509
1127 0.93335661
1128 0.93335865
1129 0.93336081
1130 0.93336264
1131 0.93336377
1132 0.93336402
1133 0.93336351
1134 0.93336255
1135 0.93336168
1136 0.93336125
1137 0.93336163
1138 0.93336296
1139 0.93336543
1140 0.93336900
1141 0.93337357
1142 0.93337879
1143 0.93338430
1144 0.93338976
1145 0.93339486
1146 0.93339929
1147 0.93340266
1148 0.93340488
1149 0.93340596
1150 0.93340592
1151 0.93340481
1152 0.93340284
1153 0.93340019
1154 0.93339717
1155 0.93339421
1156 0.93339175
1157 0.93339006
1158 0.93338950
1159 0.93339026
1160 0.93339248
1161 0.93339641
1162 0.93340225
1163 0.93341007
1164 0.93341981
1165 0.93343139
1166 0.93344461
1167 0.93345902
1168 0.93347404
1169 0.93348901
1170 0.93350352
1171 0.93351729
1172 0.93352999
1173 0.93354125
1174 0.93355094
1175 0.93355910
1176 0.93356566
1177 0.93357083
1178 0.93357503
1179 0.93357818
1180 0.93357999
1181 0.93358006
1182 0.93357778
1183 0.93357250
1184 0.93356370
1185 0.93355082
1186 0.93353380
1187 0.93351339
1188 0.93349083
1189 0.93346764
1190 0.93344539
1191 0.93342569
1192 0.93340998
1193 0.93339909
1194 0.93339321
1195 0.93339176
1196 0.93339367
1197 0.93339781
1198 0.93340304
1199 0.93340827
1200 0.93341276
1201 0.93341606
1202 0.93341814
1203 0.93341955
1204 0.93342097
1205 0.93342263
1206 0.93342481
1207 0.93342752
1208 0.93343081
1209 0.93343458
1210 0.93343872
1211 0.93344297
1212 0.93344720
1213 0.93345146
1214 0.93345565
1215 0.93345964
1216 0.93346336
1217 0.93346698
1218 0.93347053
1219 0.93347416
1220 0.93347813
1221 0.93348264
1222 0.93348802
1223 0.93349449
1224 0.93350197
1225 0.93351025
1226 0.93351913
1227 0.93352838
1228 0.93353757
1229 0.93354640
1230 0.93355460
1231 0.93356212
1232 0.93356902
1233 0.93357522
1234 0.93358062
1235 0.93358492
1236 0.93358802
1237 0.93358965
1238 0.93358958
1239 0.93358775
1240 0.93358419
1241 0.93357905
1242 0.93357285
1243 0.93356628
1244 0.93355982
1245 0.93355406
1246 0.93354962
1247 0.93354693
1248 0.93354612
1249 0.93354722
1250 0.93355014
1251 0.93355494
1252 0.93356177
1253 0.93357088
1254 0.93358232
1255 0.93359622
1256 0.93361264
1257 0.93363140
1258 0.93365203
1259 0.93367382
1260 0.93369594
1261 0.93371736
1262 0.93373716
1263 0.93375443
1264 0.93376843
1265 0.93377895
1266 0.93378605
1267 0.93378997
1268 0.93379121
1269 0.93379055
1270 0.93378883
1271 0.93378696
1272 0.93378584
1273 0.93378617
1274 0.93378846
1275 0.93379319
1276 0.93380061
1277 0.93381072
1278 0.93382326
1279 0.93383783
1280 0.93385388
1281 0.93387063
1282 0.93388718
1283 0.93390253
1284 0.93391586
1285 0.93392659
1286 0.93393443
1287 0.93393909
1288 0.93394055
1289 0.93393892
1290 0.93393482
1291 0.93392918
1292 0.93392292
1293 0.93391686
1294 0.93391195
1295 0.93390924
1296 0.93390960
1297 0.93391350
1298 0.93392102
1299 0.93393200
1300 0.93394592
1301 0.93396195
1302 0.93397882
1303 0.93399517
1304 0.93400970
1305 0.93402140
1306 0.93402956
1307 0.93403383
1308 0.93403430
1309 0.93403160
1310 0.93402677
1311 0.93402107
1312 0.93401580
1313 0.93401204
1314 0.93401068
1315 0.93401231
1316 0.93401716
1317 0.93402480
1318 0.93403437
1319 0.93404490
1320 0.93405537
1321 0.93406463
1322 0.93407155
1323 0.93407522
1324 0.93407532
1325 0.93407205
1326 0.93406582
1327 0.93405731
1328 0.93404748
1329 0.93403756
1330 0.93402875
1331 0.93402206
1332 0.93401803
1333 0.93401669
1334 0.93401767
1335 0.93402027
1336 0.93402327
1337 0.93402534
1338 0.93402526
1339 0.93402221
1340 0.93401600
1341 0.93400710
1342 0.93399635
1343 0.93398486
1344 0.93397405
1345 0.93396510
1346 0.93395877
1347 0.93395515
1348 0.93395377
1349 0.93395374
1350 0.93395419
1351 0.93395424
1352 0.93395330
1353 0.93395115
1354 0.93394801
1355 0.93394432
1356 0.93394067
1357 0.93393748
1358 0.93393470
1359 0.93393177
1360 0.93392773
1361 0.93392136
1362 0.93391094
1363 0.93389465
1364 0.93387030
1365 0.93383548
1366 0.93378731
1367 0.93372256
1368 0.93363742
1369 0.93352802
1370 0.93339114
1371 0.93322470
1372 0.93302845
1373 0.93280430
1374 0.93255671
1375 0.93229255
1376 0.93202092
1377 0.93175206
1378 0.93149645
1379 0.93126386
1380 0.93106282
1381 0.93089998
1382 0.93077962
1383 0.93070344
1384 0.93067064
1385 0.93067846
1386 0.93072291
1387 0.93079912
1388 0.93090134
1389 0.93102362
1390 0.93116018
1391 0.93130615
1392 0.93145729
1393 0.93161030
1394 0.93176255
1395 0.93191232
1396 0.93205883
1397 0.93220172
1398 0.93234065
1399 0.93247489
1400 0.93260367
1401 0.93272589
1402 0.93284051
1403 0.93294653
1404 0.93304331
1405 0.93313078
1406 0.93320977
1407 0.93328161
1408 0.93334782
1409 0.93340979
1410 0.93346862
1411 0.93352488
1412 0.93357875
1413 0.93362995
1414 0.93367796
1415 0.93372225
1416 0.93376267
1417 0.93379962
1418 0.93383355
1419 0.93386540
1420 0.93389607
1421 0.93392631
1422 0.93395623
1423 0.93398574
1424 0.93401425
1425 0.93404114
1426 0.93406607
1427 0.93408868
1428 0.93410909
1429 0.93412783
1430 0.93414563
1431 0.93416307
1432 0.93418038
1433 0.93419757
1434 0.93421443
1435 0.93423058
1436 0.93424572
1437 0.93425950
1438 0.93427199
1439 0.93428360
1440 0.93429502
1441 0.93430677
1442 0.93431916
1443 0.93433193
1444 0.93434453
1445 0.93435643
1446 0.93436701
1447 0.93437589
1448 0.93438304
1449 0.93438906
1450 0.93439484
1451 0.93440143
1452 0.93440954
1453 0.93441937
1454 0.93443076
1455 0.93444319
1456 0.93445582
1457 0.93446768
1458 0.93447793
1459 0.93448629
1460 0.93449296
1461 0.93449846
1462 0.93450349
1463 0.93450820
1464 0.93451287
1465 0.93451750
1466 0.93452199
1467 0.93452618
1468 0.93453004
1469 0.93453356
1470 0.93453709
1471 0.93454121
1472 0.93454628
1473 0.93455257
1474 0.93455984
1475 0.93456756
1476 0.93457484
1477 0.93458103
1478 0.93458573
1479 0.93458881
1480 0.93459068
1481 0.93459219
1482 0.93459426
1483 0.93459766
1484 0.93460272
1485 0.93460886
1486 0.93461539
1487 0.93462138
1488 0.93462603
1489 0.93462873
1490 0.93462963
1491 0.93462913
1492 0.93462837
1493 0.93462859
1494 0.93463092
1495 0.93463579
1496 0.93464273
1497 0.93465100
1498 0.93465940
1499 0.93466682
1500 0.93467224
1501 0.93467526
1502 0.93467608
1503 0.93467589
1504 0.93467582
1505 0.93467678
1506 0.93467953
1507 0.93468418
1508 0.93468997
1509 0.93469612
1510 0.93470142
1511 0.93470479
1512 0.93470624
1513 0.93470600
1514 0.93470500
1515 0.93470430
1516 0.93470508
1517 0.93470801
1518 0.93471346
1519 0.93472073
1520 0.93472857
1521 0.93473563
1522 0.93474071
1523 0.93474340
1524 0.93474358
1525 0.93474181
1526 0.93473919
1527 0.93473719
1528 0.93473720
1529 0.93473991
1530 0.93474520
1531 0.93475226
1532 0.93475996
1533 0.93476665
1534 0.93477080
1535 0.93477156
1536 0.93476876
1537 0.93476325
1538 0.93475668
1539 0.93475072
1540 0.93474702
1541 0.93474684
1542 0.93475089
1543 0.93475911
1544 0.93477053
1545 0.93478318
1546 0.93479517
1547 0.93480512
1548 0.93481216
1549 0.93481627
1550 0.93481795
1551 0.93481826
1552 0.93481849
1553 0.93482003
1554 0.93482371
1555 0.93482973
1556 0.93483765
1557 0.93484636
1558 0.93485453
1559 0.93486089
1560 0.93486469
1561 0.93486578
1562 0.93486474
1563 0.93486276
1564 0.93486125
1565 0.93486141
1566 0.93486405
1567 0.93486946
1568 0.93487731
1569 0.93488670
1570 0.93489612
1571 0.93490384
1572 0.93490872
1573 0.93491025
1574 0.93490877
1575 0.93490527
1576 0.93490108
1577 0.93489764
1578 0.93489631
1579 0.93489797
1580 0.93490287
1581 0.93491051
1582 0.93491981
1583 0.93492914
1584 0.93493697
1585 0.93494211
1586 0.93494401
1587 0.93494290
1588 0.93493979
1589 0.93493608
1590 0.93493320
1591 0.93493242
1592 0.93493447
1593 0.93493941
1594 0.93494651
1595 0.93495455
1596 0.93496211
1597 0.93496816
1598 0.93497209
1599 0.93497378
1600 0.93497374
1601 0.93497301
1602 0.93497284
1603 0.93497416
1604 0.93497733
1605 0.93498195
1606 0.93498732
1607 0.93499271
1608 0.93499738
1609 0.93500058
1610 0.93500210
1611 0.93500244
1612 0.93500259
1613 0.93500363
1614 0.93500622
1615 0.93501048
1616 0.93501602
1617 0.93502217
1618 0.93502806
1619 0.93503281
1620 0.93503576
1621 0.93503691
1622 0.93503686
1623 0.93503666
1624 0.93503727
1625 0.93503933
1626 0.93504302
1627 0.93504795
1628 0.93505352
1629 0.93505879
1630 0.93506285
1631 0.93506511
1632 0.93506559
1633 0.93506483
1634 0.93506378
1635 0.93506345
1636 0.93506449
1637 0.93506715
1638 0.93507124
1639 0.93507622
1640 0.93508145
1641 0.93508630
1642 0.93509027
1643 0.93509325
1644 0.93509550
1645 0.93509752
1646 0.93509961
1647 0.93510165
1648 0.93510334
1649 0.93510456
1650 0.93510515
1651 0.93510502
1652 0.93510424
1653 0.93510320
1654 0.93510285
1655 0.93510425
1656 0.93510829
1657 0.93511490
1658 0.93512323
1659 0.93513255
1660 0.93514231
1661 0.93515209
1662 0.93516178
1663 0.93517158
1664 0.93518238
1665 0.93519559
1666 0.93521253
1667 0.93523359
1668 0.93525837
1669 0.93528580
1670 0.93531417
1671 0.93534141
1672 0.93536533
1673 0.93538388
1674 0.93539587
1675 0.93540152
1676 0.93540179
1677 0.93539786
1678 0.93539116
1679 0.93538318
1680 0.93537523
1681 0.93536824
1682 0.93536265
1683 0.93535796
1684 0.93535341
1685 0.93534901
1686 0.93534528
1687 0.93534285
1688 0.93534245
1689 0.93534474
1690 0.93535021
1691 0.93535915
1692 0.93537147
1693 0.93538654
1694 0.93540318
1695 0.93542000
1696 0.93543564
1697 0.93544873
1698 0.93545821
1699 0.93546330
1700 0.93546380
1701 0.93545990
1702 0.93545211
1703 0.93544138
1704 0.93542905
1705 0.93541677
1706 0.93540625
1707 0.93539901
1708 0.93539622
1709 0.93539839
1710 0.93540536
1711 0.93541633
1712 0.93543004
1713 0.93544466
1714 0.93545789
1715 0.93546773
1716 0.93547298
1717 0.93547335
1718 0.93546960
1719 0.93546345
1720 0.93545706
1721 0.93545259
1722 0.93545170
1723 0.93545503
1724 0.93546210
1725 0.93547131
1726 0.93548081
1727 0.93548865
1728 0.93549340
1729 0.93549445
1730 0.93549227
1731 0.93548811
1732 0.93548382
1733 0.93548124
1734 0.93548144
1735 0.93548443
1736 0.93548952
1737 0.93549588
1738 0.93550253
1739 0.93550842
1740 0.93551254
1741 0.93551476
1742 0.93551577
1743 0.93551679
1744 0.93551874
1745 0.93552199
1746 0.93552635
1747 0.93553112
1748 0.93553498
1749 0.93553647
1750 0.93553481
1751 0.93552961
1752 0.93552160
1753 0.93551236
1754 0.93550395
1755 0.93549821
1756 0.93549695
1757 0.93550115
1758 0.93551074
1759 0.93552477
1760 0.93554156
1761 0.93555878
1762 0.93557423
1763 0.93558633
1764 0.93559395
1765 0.93559644
1766 0.93559395
1767 0.93558730
1768 0.93557747
1769 0.93556571
1770 0.93555312
1771 0.93554056
1772 0.93552861
1773 0.93551757
1774 0.93550731
1775 0.93549757
1776 0.93548823
1777 0.93547891
1778 0.93546931
1779 0.93545930
1780 0.93544881
1781 0.93543776
1782 0.93542642
1783 0.93541535
1784 0.93540510
1785 0.93539595
1786 0.93538804
1787 0.93538140
1788 0.93537631
1789 0.93537333
1790 0.93537260
1791 0.93537389
1792 0.93537688
1793 0.93538161
1794 0.93538823
1795 0.93539674
1796 0.93540634
1797 0.93541633
1798 0.93542650
1799 0.93543674
1800 0.93544672
1801 0.93545610
1802 0.93546458
1803 0.93547202
1804 0.93547858
1805 0.93548438
1806 0.93548954
1807 0.93549396
1808 0.93549773
1809 0.93550122
1810 0.93550489
1811 0.93550873
1812 0.93551248
1813 0.93551602
1814 0.93551981
1815 0.93552420
1816 0.93552900
1817 0.93553397
1818 0.93553911
1819 0.93554472
1820 0.93555094
1821 0.93555779
1822 0.93556490
1823 0.93557254
1824 0.93558082
1825 0.93558941
1826 0.93559785
1827 0.93560611
1828 0.93561438
1829 0.93562252
1830 0.93563032
1831 0.93563751
1832 0.93564404
1833 0.93565003
1834 0.93565579
1835 0.93566135
1836 0.93566660
1837 0.93567152
1838 0.93567646
1839 0.93568204
1840 0.93568860
1841 0.93569571
1842 0.93570269
1843 0.93570933
1844 0.93571566
1845 0.93572126
1846 0.93572527
1847 0.93572711
1848 0.93572677
1849 0.93572504
1850 0.93572251
1851 0.93571974
1852 0.93571707
1853 0.93571498
1854 0.93571399
1855 0.93571425
1856 0.93571549
1857 0.93571689
1858 0.93571796
1859 0.93571880
1860 0.93571972
1861 0.93572071
1862 0.93572182
1863 0.93572335
1864 0.93572603
1865 0.93573090
1866 0.93573831
1867 0.93574787
1868 0.93575869
1869 0.93576951
1870 0.93577947
1871 0.93578770
1872 0.93579325
1873 0.93579519
1874 0.93579317
1875 0.93578802
1876 0.93578104
1877 0.93577369
1878 0.93576653
1879 0.93576014
1880 0.93575518
1881 0.93575246
1882 0.93575202
1883 0.93575297
1884 0.93575480
1885 0.93575747
1886 0.93576080
1887 0.93576454
1888 0.93576875
1889 0.93577339
1890 0.93577858
1891 0.93578475
1892 0.93579219
1893 0.93580066
1894 0.93580963
1895 0.93581892
1896 0.93582899
1897 0.93584024
1898 0.93585254
1899 0.93586492
1900 0.93587674
1901 0.93588779
1902 0.93589793
1903 0.93590651
1904 0.93591290
1905 0.93591733
1906 0.93592036
1907 0.93592324
1908 0.93592653
1909 0.93593034
1910 0.93593493
1911 0.93594070
1912 0.93594759
1913 0.93595514
1914 0.93596284
1915 0.93597000
1916 0.93597628
1917 0.93598174
1918 0.93598625
1919 0.93598954
1920 0.93599153
1921 0.93599265
1922 0.93599318
1923 0.93599310
1924 0.93599212
1925 0.93598987
1926 0.93598647
1927 0.93598190
1928 0.93597628
1929 0.93596947
1930 0.93596147
1931 0.93595243
1932 0.93594232
1933 0.93593134
1934 0.93591930
1935 0.93590631
1936 0.93589288
1937 0.93587953
1938 0.93586652
1939 0.93585400
1940 0.93584242
1941 0.93583219
1942 0.93582337
1943 0.93581580
1944 0.93580933
1945 0.93580396
1946 0.93579964
1947 0.93579613
1948 0.93579298
1949 0.93579006
1950 0.93578738
1951 0.93578511
1952 0.93578332
1953 0.93578207
1954 0.93578151
1955 0.93578192
1956 0.93578359
1957 0.93578663
1958 0.93579102
1959 0.93579667
1960 0.93580333
1961 0.93581087
1962 0.93581895
1963 0.93582704
1964 0.93583449
1965 0.93584090
1966 0.93584605
1967 0.93584969
1968 0.93585183
1969 0.93585262
1970 0.93585246
1971 0.93585195
1972 0.93585166
1973 0.93585199
1974 0.93585355
1975 0.93585664
1976 0.93586119
1977 0.93586705
1978 0.93587392
1979 0.93588128
1980 0.93588852
1981 0.93589511
1982 0.93590063
1983 0.93590512
1984 0.93590864
1985 0.93591131
1986 0.93591347
1987 0.93591560
1988 0.93591810
1989 0.93592120
1990 0.93592489
1991 0.93592914
1992 0.93593362
1993 0.93593795
1994 0.93594189
1995 0.93594507
1996 0.93594727
1997 0.93594858
1998 0.93594915
1999 0.93594915
2000 0.93594890
2001 0.93594845
2002 0.93594785
2003 0.93594726
2004 0.93594665
2005 0.93594594
2006 0.93594519
2007 0.93594442
2008 0.93594373
2009 0.93594330
2010 0.93594311
2011 0.93594301
2012 0.93594295
2013 0.93594279
2014 0.93594216
2015 0.93594089
2016 0.93593898
2017 0.93593641
2018 0.93593324
2019 0.93592983
2020 0.93592636
2021 0.93592306
2022 0.93592035
2023 0.93591835
2024 0.93591673
2025 0.93591525
2026 0.93591367
2027 0.93591156
2028 0.93590889
2029 0.93590583
2030 0.93590234
2031 0.93589863
2032 0.93589521
2033 0.93589224
2034 0.93588986
2035 0.93588835
2036 0.93588760
2037 0.93588706
2038 0.93588647
2039 0.93588558
2040 0.93588388
2041 0.93588118
2042 0.93587750
2043 0.93587278
2044 0.93586724
2045 0.93586130
2046 0.93585497
2047 0.93584835
2048 0.93584194
2049 0.93583612
2050 0.93583100
2051 0.93582658
2052 0.93582278
2053 0.93581957
2054 0.93581715
2055 0.93581579
2056 0.93581538
2057 0.93581565
2058 0.93581641
2059 0.93581747
2060 0.93581869
2061 0.93581981
2062 0.93582063
2063 0.93582091
2064 0.93582067
2065 0.93582022
2066 0.93581969
2067 0.93581912
2068 0.93581883
2069 0.93581922
2070 0.93582045
2071 0.93582244
2072 0.93582491
2073 0.93582757
2074 0.93583027
2075 0.93583314
2076 0.93583605
2077 0.93583877
2078 0.93584129
2079 0.93584382
2080 0.93584624
2081 0.93584874
2082 0.93585158
2083 0.93585446
2084 0.93585707
2085 0.93585932
2086 0.93586086
2087 0.93586157
2088 0.93586176
2089 0.93586135
2090 0.93586029
2091 0.93585880
2092 0.93585692
2093 0.93585454
2094 0.93585180
2095 0.93584858
2096 0.93584457
2097 0.93583970
2098 0.93583392
2099 0.93582741
2100 0.93582042
2101 0.93581330
2102 0.93580646
2103 0.93580023
2104 0.93579489
2105 0.93579053
2106 0.93578697
2107 0.93578409
2108 0.93578163
2109 0.93577900
2110 0.93577592
2111 0.93577199
2112 0.93576680
2113 0.93576045
2114 0.93575317
2115 0.93574500
2116 0.93573629
2117 0.93572708
2118 0.93571743
2119 0.93570748
2120 0.93569721
2121 0.93568647
2122 0.93567506
2123 0.93566272
2124 0.93564925
2125 0.93563480
2126 0.93561941
2127 0.93560308
2128 0.93558595
2129 0.93556812
2130 0.93554941
2131 0.93553017
2132 0.93551049
2133 0.93549036
2134 0.93546976
2135 0.93544833
2136 0.93542610
2137 0.93540303
2138 0.93537900
2139 0.93535377
2140 0.93532700
2141 0.93529839
2142 0.93526775
2143 0.93523473
2144 0.93519923
2145 0.93516092
2146 0.93511992
2147 0.93507633
2148 0.93503067
2149 0.93498321
2150 0.93493465
2151 0.93488579
2152 0.93483741
2153 0.93479040
2154 0.93474483
2155 0.93470117
2156 0.93465906
2157 0.93461854
2158 0.93457917
2159 0.93454015
2160 0.93450075
2161 0.93446001
2162 0.93441748
2163 0.93437249
2164 0.93432461
2165 0.93427357
2166 0.93421906
2167 0.93416120
2168 0.93409975
2169 0.93403476
2170 0.93396647
2171 0.93389487
2172 0.93382013
2173 0.93374197
2174 0.93366008
2175 0.93357376
2176 0.93348254
2177 0.93338542
2178 0.93328112
2179 0.93316811
2180 0.93304463
2181 0.93290925
2182 0.93276016
2183 0.93259583
2184 0.93241423
2185 0.93221359
2186 0.93199209
2187 0.93174780
2188 0.93147888
2189 0.93118359
2190 0.93086035
2191 0.93050807
2192 0.93012618
2193 0.92971440
2194 0.92927362
2195 0.92880566
2196 0.92831396
2197 0.92780291
2198 0.92727815
2199 0.92674631
2200 0.92621475
2201 0.92569138
2202 0.92518402
2203 0.92470006
2204 0.92424634
2205 0.92382847
2206 0.92345171
2207 0.92311990
2208 0.92283554
2209 0.92260023
2210 0.92241424
2211 0.92227700
2212 0.92218644
2213 0.92213977
2214 0.92213268
2215 0.92216067
2216 0.92221881
2217 0.92230186
2218 0.92240433
2219 0.92252087
2220 0.92264713
2221 0.92277898
2222 0.92291324
2223 0.92304703
2224 0.92317782
2225 0.92330351
2226 0.92342277
2227 0.92353438
2228 0.92363759
2229 0.92373171
2230 0.92381633
2231 0.92389134
2232 0.92395752
2233 0.92401529
2234 0.92406510
2235 0.92410762
2236 0.92414339
2237 0.92417354
2238 0.92419918
2239 0.92422162
2240 0.92424227
2241 0.92426270
2242 0.92428459
2243 0.92430956
2244 0.92433892
2245 0.92437371
2246 0.92441499
2247 0.92446350
2248 0.92451978
2249 0.92458428
2250 0.92465699
2251 0.92473822
2252 0.92482827
2253 0.92492717
2254 0.92503489
2255 0.92515090
2256 0.92527468
2257 0.92540576
2258 0.92554345
2259 0.92568693
2260 0.92583524
2261 0.92598751
2262 0.92614313
2263 0.92630163
2264 0.92646263
2265 0.92662603
2266 0.92679141
2267 0.92695829
2268 0.92712625
2269 0.92729466
2270 0.92746272
2271 0.92762970
2272 0.92779471
2273 0.92795685
2274 0.92811521
2275 0.92826895
2276 0.92841744
2277 0.92856053
2278 0.92869813
2279 0.92883030
2280 0.92895751
2281 0.92908027
2282 0.92919905
2283 0.92931435
2284 0.92942635
2285 0.92953497
2286 0.92963977
2287 0.92974019
2288 0.92983567
2289 0.92992586
2290 0.93001041
2291 0.93008911
2292 0.93016194
2293 0.93022916
2294 0.93029130
2295 0.93034895
2296 0.93040249
2297 0.93045223
2298 0.93049854
2299 0.93054172
2300 0.93058182
2301 0.93061890
2302 0.93065304
2303 0.93068436
2304 0.93071290
2305 0.93073864
2306 0.93076176
2307 0.93078237
2308 0.93080060
2309 0.93081660
2310 0.93083033
2311 0.93084188
2312 0.93085135
2313 0.93085877
2314 0.93086411
2315 0.93086719
2316 0.93086764
2317 0.93086516
2318 0.93085984
2319 0.93085185
2320 0.93084143
2321 0.93082883
2322 0.93081429
2323 0.93079812
2324 0.93078070
2325 0.93076207
2326 0.93074220
2327 0.93072110
2328 0.93069864
2329 0.93067474
2330 0.93064947
2331 0.93062308
2332 0.93059597
2333 0.93056849
2334 0.93054073
2335 0.93051270
2336 0.93048433
2337 0.93045553
2338 0.93042601
2339 0.93039537
2340 0.93036333
2341 0.93032966
2342 0.93029429
2343 0.93025739
2344 0.93021940
2345 0.93018068
2346 0.93014150
2347 0.93010188
2348 0.93006163
2349 0.93002060
2350 0.92997871
2351 0.92993577
2352 0.92989165
2353 0.92984625
2354 0.92979946
2355 0.92975123
2356 0.92970183
2357 0.92965155
2358 0.92960058
2359 0.92954901
2360 0.92949680
2361 0.92944378
2362 0.92938983
2363 0.92933493
2364 0.92927907
2365 0.92922230
2366 0.92916460
2367 0.92910589
2368 0.92904617
2369 0.92898560
2370 0.92892437
2371 0.92886245
2372 0.92879974
2373 0.92873618
2374 0.92867176
2375 0.92860651
2376 0.92854040
2377 0.92847341
2378 0.92840557
2379 0.92833676
2380 0.92826686
2381 0.92819568
2382 0.92812311
2383 0.92804911
2384 0.92797380
2385 0.92789723
2386 0.92781930
2387 0.92773978
2388 0.92765856
2389 0.92757581
2390 0.92749171
2391 0.92740633
2392 0.92731950
2393 0.92723095
2394 0.92714067
2395 0.92704884
2396 0.92695561
2397 0.92686112
2398 0.92676555
2399 0.92666911
2400 0.92657201
2401 0.92647435
2402 0.92637608
2403 0.92627712
2404 0.92617728
2405 0.92607628
2406 0.92597392
2407 0.92587002
2408 0.92576448
2409 0.92565756
2410 0.92554973
2411 0.92544151
2412 0.92533339
2413 0.92522571
2414 0.92511874
2415 0.92501268
2416 0.92490754
2417 0.92480313
2418 0.92469905
2419 0.92459490
2420 0.92449041
2421 0.92438536
2422 0.92427962
2423 0.92417329
2424 0.92406663
2425 0.92395989
2426 0.92385329
2427 0.92374703
2428 0.92364135
2429 0.92353648
2430 0.92343246
2431 0.92332931
2432 0.92322704
2433 0.92312550
2434 0.92302457
2435 0.92292431
2436 0.92282462
2437 0.92272535
2438 0.92262658
2439 0.92252838
2440 0.92243087
2441 0.92233404
2442 0.92223775
2443 0.92214178
2444 0.92204606
2445 0.92195062
2446 0.92185539
2447 0.92176012
2448 0.92166475
2449 0.92156944
2450 0.92147428
2451 0.92137943
2452 0.92128495
2453 0.92119085
2454 0.92109692
2455 0.92100299
2456 0.92090863
2457 0.92081349
2458 0.92071737
2459 0.92062016
2460 0.92052194
2461 0.92042306
2462 0.92032369
2463 0.92022394
2464 0.92012397
2465 0.92002409
2466 0.91992448
2467 0.91982506
2468 0.91972570
2469 0.91962610
2470 0.91952590
2471 0.91942482
2472 0.91932245
2473 0.91921828
2474 0.91911207
2475 0.91900367
2476 0.91889291
2477 0.91878002
2478 0.91866521
2479 0.91854879
2480 0.91843100
2481 0.91831216
2482 0.91819234
2483 0.91807150
2484 0.91794954
2485 0.91782635
2486 0.91770186
2487 0.91757613
2488 0.91744918
2489 0.91732099
2490 0.91719180
2491 0.91706184
2492 0.91693141
2493 0.91680038
2494 0.91666857
2495 0.91653583
2496 0.91640189
2497 0.91626665
2498 0.91613002
2499 0.91599209
2500 0.91585299
2501 0.91571292
2502 0.91557197
2503 0.91543018
2504 0.91528745
2505 0.91514361
2506 0.91499829
2507 0.91485124
2508 0.91470234
2509 0.91455142
2510 0.91439831
2511 0.91424328
2512 0.91408654
2513 0.91392838
2514 0.91376906
2515 0.91360855
2516 0.91344678
2517 0.91328381
2518 0.91311961
2519 0.91295392
2520 0.91278671
2521 0.91261801
2522 0.91244780
2523 0.91227639
2524 0.91210398
2525 0.91193067
2526 0.91175664
2527 0.91158203
2528 0.91140681
2529 0.91123087
2530 0.91105403
2531 0.91087610
2532 0.91069698
2533 0.91051676
2534 0.91033550
2535 0.91015327
2536 0.90997032
2537 0.90978698
2538 0.90960334
2539 0.90941951
2540 0.90923546
2541 0.90905125
2542 0.90886701
2543 0.90868290
2544 0.90849878
2545 0.90831474
2546 0.90813079
2547 0.90794670
2548 0.90776226
2549 0.90757729
2550 0.90739151
