0.00000000 2.63685225 0.00558901
1.00000000 2.63190232 0.00558587
2.00000000 2.62695212 0.00558277
3.00000000 2.62200164 0.00557970
4.00000000 2.61705089 0.00557666
5.00000000 2.61209987 0.00557367
6.00000000 2.60714856 0.00557069
7.00000000 2.60219699 0.00556776
8.00000000 2.59724514 0.00556486
9.00000000 2.59229301 0.00556198
10.00000000 2.58734061 0.00555915
11.00000000 2.58238793 0.00555634
12.00000000 2.57743498 0.00555357
13.00000000 2.57248175 0.00555082
14.00000000 2.56752825 0.00554812
15.00000000 2.56257447 0.00554543
16.00000000 2.55762042 0.00554279
17.00000000 2.55266609 0.00554018
18.00000000 2.54771148 0.00553759
19.00000000 2.54275660 0.00553504
20.00000000 2.53780145 0.00553252
21.00000000 2.53284602 0.00553003
22.00000000 2.52789032 0.00552757
23.00000000 2.52293434 0.00552515
24.00000000 2.51797808 0.00552275
25.00000000 2.51302155 0.00552039
26.00000000 2.50806474 0.00551805
27.00000000 2.50310766 0.00551575
28.00000000 2.49815030 0.00551348
29.00000000 2.49319267 0.00551124
30.00000000 2.48823476 0.00550902
31.00000000 2.48327658 0.00550684
32.00000000 2.47831812 0.00550470
33.00000000 2.47335938 0.00550257
34.00000000 2.46840037 0.00550047
35.00000000 2.46344109 0.00549841
36.00000000 2.45848153 0.00549639
37.00000000 2.45352169 0.00549438
38.00000000 2.44856158 0.00549241
39.00000000 2.44360119 0.00549047
40.00000000 2.43864052 0.00548854
41.00000000 2.43367959 0.00548667
42.00000000 2.42871837 0.00548480
43.00000000 2.42375688 0.00548298
44.00000000 2.41879511 0.00548118
45.00000000 2.41383307 0.00547941
46.00000000 2.40887075 0.00547766
47.00000000 2.40390816 0.00547595
48.00000000 2.39894529 0.00547426
49.00000000 2.39398215 0.00547262
50.00000000 2.38901872 0.00547098
51.00000000 2.38405503 0.00546938
52.00000000 2.37909106 0.00546781
53.00000000 2.37412681 0.00546627
54.00000000 2.36916228 0.00546475
55.00000000 2.36419748 0.00546326
56.00000000 2.35923241 0.00546180
57.00000000 2.35426706 0.00546037
58.00000000 2.34930143 0.00545896
59.00000000 2.34433553 0.00545758
60.00000000 2.33936935 0.00545623
61.00000000 2.33440289 0.00545490
62.00000000 2.32943616 0.00545361
63.00000000 2.32446915 0.00545233
64.00000000 2.31950187 0.00545109
65.00000000 2.31453431 0.00544986
66.00000000 2.30956648 0.00544869
67.00000000 2.30459836 0.00544751
68.00000000 2.29962998 0.00544638
69.00000000 2.29466131 0.00544526
70.00000000 2.28969237 0.00544417
71.00000000 2.28472316 0.00544311
72.00000000 2.27975367 0.00544208
73.00000000 2.27478390 0.00544106
74.00000000 2.26981386 0.00544008
75.00000000 2.26484354 0.00543911
76.00000000 2.25987296 0.00543814
77.00000000 2.25490213 0.00543720
78.00000000 2.24993106 0.00543630
79.00000000 2.24495973 0.00543540
80.00000000 2.23998816 0.00543454
81.00000000 2.23501634 0.00543370
82.00000000 2.23004427 0.00543289
83.00000000 2.22507195 0.00543210
84.00000000 2.22009938 0.00543134
85.00000000 2.21512656 0.00543059
86.00000000 2.21015350 0.00542988
87.00000000 2.20518019 0.00542920
88.00000000 2.20020662 0.00542852
89.00000000 2.19523281 0.00542788
90.00000000 2.19025875 0.00542725
91.00000000 2.18528445 0.00542667
92.00000000 2.18030989 0.00542610
93.00000000 2.17533508 0.00542554
94.00000000 2.17036003 0.00542503
95.00000000 2.16538472 0.00542452
96.00000000 2.16040917 0.00542404
97.00000000 2.15543337 0.00542358
98.00000000 2.15045732 0.00542315
99.00000000 2.14548102 0.00542273
100.00000000 2.14050448 0.00542236
101.00000000 2.13552768 0.00542200
102.00000000 2.13055063 0.00542165
103.00000000 2.12557334 0.00542133
104.00000000 2.12059580 0.00542105
105.00000000 2.11561800 0.00542076
106.00000000 2.11063996 0.00542051
107.00000000 2.10566167 0.00542027
108.00000000 2.10068314 0.00542008
109.00000000 2.09570435 0.00541989
110.00000000 2.09072531 0.00541972
111.00000000 2.08574603 0.00541959
112.00000000 2.08076649 0.00541945
113.00000000 2.07578671 0.00541937
114.00000000 2.07080667 0.00541928
115.00000000 2.06582639 0.00541922
116.00000000 2.06084586 0.00541919
117.00000000 2.05586508 0.00541917
118.00000000 2.05088405 0.00541918
119.00000000 2.04590277 0.00541919
120.00000000 2.04092125 0.00541925
121.00000000 2.03593947 0.00541931
122.00000000 2.03095745 0.00541941
123.00000000 2.02597517 0.00541951
124.00000000 2.02099265 0.00541959
125.00000000 2.01600992 0.00541970
126.00000000 2.01102698 0.00541982
127.00000000 2.00604383 0.00541996
128.00000000 2.00106048 0.00542012
129.00000000 1.99607692 0.00542031
130.00000000 1.99109315 0.00542051
131.00000000 1.98610917 0.00542072
132.00000000 1.98112499 0.00542098
133.00000000 1.97614059 0.00542123
134.00000000 1.97115599 0.00542150
135.00000000 1.96617119 0.00542181
136.00000000 1.96118617 0.00542212
137.00000000 1.95620095 0.00542245
138.00000000 1.95121552 0.00542281
139.00000000 1.94622988 0.00542319
140.00000000 1.94124403 0.00542357
141.00000000 1.93625798 0.00542399
142.00000000 1.93127171 0.00542441
143.00000000 1.92628524 0.00542485
144.00000000 1.92129857 0.00542532
145.00000000 1.91631168 0.00542579
146.00000000 1.91132459 0.00542630
147.00000000 1.90633729 0.00542682
148.00000000 1.90134978 0.00542735
149.00000000 1.89636206 0.00542789
150.00000000 1.89137414 0.00542848
151.00000000 1.88638600 0.00542905
152.00000000 1.88139766 0.00542966
153.00000000 1.87640911 0.00543027
154.00000000 1.87142036 0.00543092
155.00000000 1.86643139 0.00543157
156.00000000 1.86144222 0.00543224
157.00000000 1.85645284 0.00543293
158.00000000 1.85146325 0.00543362
159.00000000 1.84647346 0.00543436
160.00000000 1.84148345 0.00543508
161.00000000 1.83649324 0.00543584
162.00000000 1.83150282 0.00543660
163.00000000 1.82651220 0.00543740
164.00000000 1.82152136 0.00543819
165.00000000 1.81653032 0.00543900
166.00000000 1.81153907 0.00543984
167.00000000 1.80654761 0.00544069
168.00000000 1.80155594 0.00544155
169.00000000 1.79656406 0.00544242
170.00000000 1.79157198 0.00544331
171.00000000 1.78657969 0.00544422
172.00000000 1.78158719 0.00544513
173.00000000 1.77659449 0.00544603
174.00000000 1.77160162 0.00544696
175.00000000 1.76660856 0.00544789
176.00000000 1.76161533 0.00544885
177.00000000 1.75662191 0.00544980
178.00000000 1.75162832 0.00545079
179.00000000 1.74663454 0.00545177
180.00000000 1.74164059 0.00545279
181.00000000 1.73664645 0.00545381
182.00000000 1.73165213 0.00545484
183.00000000 1.72665763 0.00545588
184.00000000 1.72166296 0.00545695
185.00000000 1.71666810 0.00545803
186.00000000 1.71167306 0.00545911
187.00000000 1.70667784 0.00546022
188.00000000 1.70168244 0.00546133
189.00000000 1.69668686 0.00546246
190.00000000 1.69169110 0.00546360
191.00000000 1.68669516 0.00546475
192.00000000 1.68169904 0.00546593
193.00000000 1.67670273 0.00546709
194.00000000 1.67170625 0.00546829
195.00000000 1.66670959 0.00546949
196.00000000 1.66171275 0.00547071
197.00000000 1.65671572 0.00547193
198.00000000 1.65171852 0.00547318
199.00000000 1.64672113 0.00547442
200.00000000 1.64172357 0.00547569
201.00000000 1.63672582 0.00547696
202.00000000 1.63172790 0.00547826
203.00000000 1.62672979 0.00547955
204.00000000 1.62173150 0.00548085
205.00000000 1.61673304 0.00548218
206.00000000 1.61173439 0.00548351
207.00000000 1.60673556 0.00548485
208.00000000 1.60173655 0.00548621
209.00000000 1.59673736 0.00548757
210.00000000 1.59173799 0.00548895
211.00000000 1.58673844 0.00549033
212.00000000 1.58173871 0.00549173
213.00000000 1.57673880 0.00549314
214.00000000 1.57173870 0.00549455
215.00000000 1.56673843 0.00549597
216.00000000 1.56173798 0.00549742
217.00000000 1.55673734 0.00549886
218.00000000 1.55173653 0.00550032
219.00000000 1.54673553 0.00550178
220.00000000 1.54173436 0.00550326
221.00000000 1.53673300 0.00550471
222.00000000 1.53173149 0.00550617
223.00000000 1.52672983 0.00550764
224.00000000 1.52172802 0.00550913
225.00000000 1.51672605 0.00551062
226.00000000 1.51172393 0.00551212
227.00000000 1.50672166 0.00551363
228.00000000 1.50171923 0.00551514
229.00000000 1.49671666 0.00551668
230.00000000 1.49171392 0.00551820
231.00000000 1.48671104 0.00551975
232.00000000 1.48170800 0.00552130
233.00000000 1.47670481 0.00552285
234.00000000 1.47170147 0.00552442
235.00000000 1.46669798 0.00552600
236.00000000 1.46169433 0.00552758
237.00000000 1.45669053 0.00552918
238.00000000 1.45168657 0.00553077
239.00000000 1.44668246 0.00553237
240.00000000 1.44167820 0.00553398
241.00000000 1.43667379 0.00553560
242.00000000 1.43166923 0.00553723
243.00000000 1.42666451 0.00553886
244.00000000 1.42165964 0.00554051
245.00000000 1.41665461 0.00554215
246.00000000 1.41164943 0.00554380
247.00000000 1.40664410 0.00554546
248.00000000 1.40163862 0.00554713
249.00000000 1.39663298 0.00554880
250.00000000 1.39162719 0.00555048
251.00000000 1.38662125 0.00555217
252.00000000 1.38161515 0.00555384
253.00000000 1.37660891 0.00555556
254.00000000 1.37160250 0.00555725
255.00000000 1.36659595 0.00555896
256.00000000 1.36158924 0.00556067
257.00000000 1.35658238 0.00556239
258.00000000 1.35157537 0.00556412
259.00000000 1.34656820 0.00556585
260.00000000 1.34156088 0.00556758
261.00000000 1.33655341 0.00556932
262.00000000 1.33154578 0.00557105
263.00000000 1.32653801 0.00557282
264.00000000 1.32153007 0.00557456
265.00000000 1.31652199 0.00557632
266.00000000 1.31151375 0.00557808
267.00000000 1.30650536 0.00557985
268.00000000 1.30149682 0.00558162
269.00000000 1.29648812 0.00558334
270.00000000 1.29147932 0.00558504
271.00000000 1.28647044 0.00558674
272.00000000 1.28146148 0.00558844
273.00000000 1.27645244 0.00559015
274.00000000 1.27144332 0.00559187
275.00000000 1.26643411 0.00559357
276.00000000 1.26142483 0.00559530
277.00000000 1.25641546 0.00559701
278.00000000 1.25140602 0.00559875
279.00000000 1.24639649 0.00560047
280.00000000 1.24138688 0.00560220
281.00000000 1.23637719 0.00560394
282.00000000 1.23136742 0.00560567
283.00000000 1.22635757 0.00560741
284.00000000 1.22134764 0.00560915
285.00000000 1.21633763 0.00561089
286.00000000 1.21132754 0.00561263
287.00000000 1.20631737 0.00561439
288.00000000 1.20130711 0.00561612
289.00000000 1.19629678 0.00561788
290.00000000 1.19128636 0.00561964
291.00000000 1.18627586 0.00562138
292.00000000 1.18126529 0.00562314
293.00000000 1.17625463 0.00562490
294.00000000 1.17124389 0.00562665
295.00000000 1.16623307 0.00562841
296.00000000 1.16122217 0.00563017
297.00000000 1.15621119 0.00563194
298.00000000 1.15120012 0.00563368
299.00000000 1.14618898 0.00563546
300.00000000 1.14117775 0.00563721
301.00000000 1.13616645 0.00563898
302.00000000 1.13115506 0.00564073
303.00000000 1.12614360 0.00564250
304.00000000 1.12113205 0.00564426
305.00000000 1.11612042 0.00564602
306.00000000 1.11110871 0.00564778
307.00000000 1.10609692 0.00564954
308.00000000 1.10108505 0.00565130
309.00000000 1.09607310 0.00565308
310.00000000 1.09106106 0.00565482
311.00000000 1.08604895 0.00565659
312.00000000 1.08103675 0.00565834
313.00000000 1.07602448 0.00566011
314.00000000 1.07101212 0.00566186
315.00000000 1.06599968 0.00566361
316.00000000 1.06098717 0.00566537
317.00000000 1.05597457 0.00566712
318.00000000 1.05096189 0.00566887
319.00000000 1.04594913 0.00567060
320.00000000 1.04093631 0.00567232
321.00000000 1.03592343 0.00567403
322.00000000 1.03091050 0.00567574
323.00000000 1.02589752 0.00567745
324.00000000 1.02088449 0.00567916
325.00000000 1.01587140 0.00568088
326.00000000 1.01085825 0.00568258
327.00000000 1.00584505 0.00568427
328.00000000 1.00083180 0.00568597
329.00000000 0.99581850 0.00568767
330.00000000 0.99080514 0.00568937
331.00000000 0.98579172 0.00569104
332.00000000 0.98077826 0.00569274
333.00000000 0.97576474 0.00569443
334.00000000 0.97075116 0.00569610
335.00000000 0.96573753 0.00569778
336.00000000 0.96072385 0.00569946
337.00000000 0.95571011 0.00570112
338.00000000 0.95069632 0.00570278
339.00000000 0.94568248 0.00570445
340.00000000 0.94066858 0.00570610
341.00000000 0.93565463 0.00570776
342.00000000 0.93064062 0.00570941
343.00000000 0.92562656 0.00571106
344.00000000 0.92061244 0.00571261
345.00000000 0.91559835 0.00571416
346.00000000 0.91058428 0.00571570
347.00000000 0.90557023 0.00571722
348.00000000 0.90055622 0.00571876
349.00000000 0.89554223 0.00572029
350.00000000 0.89052826 0.00572179
351.00000000 0.88551433 0.00572331
352.00000000 0.88050042 0.00572482
353.00000000 0.87548654 0.00572633
354.00000000 0.87047268 0.00572782
355.00000000 0.86545885 0.00572931
356.00000000 0.86044505 0.00573079
357.00000000 0.85543128 0.00573228
358.00000000 0.85041753 0.00573375
359.00000000 0.84540381 0.00573521
360.00000000 0.84039012 0.00573668
361.00000000 0.83537645 0.00573813
362.00000000 0.83036281 0.00573957
363.00000000 0.82534920 0.00574101
364.00000000 0.82033562 0.00574245
365.00000000 0.81532206 0.00574387
366.00000000 0.81030853 0.00574530
367.00000000 0.80529502 0.00574669
368.00000000 0.80028155 0.00574811
369.00000000 0.79526810 0.00574940
370.00000000 0.79025477 0.00575065
371.00000000 0.78524159 0.00575191
372.00000000 0.78022854 0.00575317
373.00000000 0.77521562 0.00575441
374.00000000 0.77020284 0.00575565
375.00000000 0.76519019 0.00575687
376.00000000 0.76017768 0.00575809
377.00000000 0.75516530 0.00575931
378.00000000 0.75015305 0.00576049
379.00000000 0.74514095 0.00576170
380.00000000 0.74012897 0.00576288
381.00000000 0.73511713 0.00576405
382.00000000 0.73010543 0.00576522
383.00000000 0.72509386 0.00576638
384.00000000 0.72008243 0.00576753
385.00000000 0.71507113 0.00576867
386.00000000 0.71005996 0.00576980
387.00000000 0.70504893 0.00577091
388.00000000 0.70003804 0.00577203
389.00000000 0.69502728 0.00577314
390.00000000 0.69001665 0.00577422
391.00000000 0.68500616 0.00577531
392.00000000 0.67999580 0.00577638
393.00000000 0.67498558 0.00577744
394.00000000 0.66997549 0.00577837
395.00000000 0.66496564 0.00577932
396.00000000 0.65995601 0.00578025
397.00000000 0.65494660 0.00578115
398.00000000 0.64993743 0.00578205
399.00000000 0.64492849 0.00578295
400.00000000 0.63991977 0.00578383
401.00000000 0.63491128 0.00578469
402.00000000 0.62990302 0.00578555
403.00000000 0.62489499 0.00578639
404.00000000 0.61988719 0.00578724
405.00000000 0.61487961 0.00578802
406.00000000 0.60987229 0.00578871
407.00000000 0.60486531 0.00578938
408.00000000 0.59985867 0.00579002
409.00000000 0.59485238 0.00579067
410.00000000 0.58984643 0.00579131
411.00000000 0.58484082 0.00579193
412.00000000 0.57983555 0.00579254
413.00000000 0.57483062 0.00579312
414.00000000 0.56982604 0.00579371
415.00000000 0.56482180 0.00579428
416.00000000 0.55981790 0.00579483
417.00000000 0.55481435 0.00579530
418.00000000 0.54981121 0.00579563
419.00000000 0.54480858 0.00579596
420.00000000 0.53980646 0.00579625
421.00000000 0.53480486 0.00579654
422.00000000 0.52980378 0.00579684
423.00000000 0.52480320 0.00579709
424.00000000 0.51980314 0.00579735
425.00000000 0.51480359 0.00579759
426.00000000 0.50980455 0.00579781
427.00000000 0.50480603 0.00579802
428.00000000 0.49980802 0.00579822
429.00000000 0.49481052 0.00579820
430.00000000 0.48981371 0.00579802
431.00000000 0.48481771 0.00579786
432.00000000 0.47982250 0.00579767
433.00000000 0.47482808 0.00579745
434.00000000 0.46983447 0.00579724
435.00000000 0.46484165 0.00579701
436.00000000 0.45984962 0.00579675
437.00000000 0.45485840 0.00579649
438.00000000 0.44986797 0.00579622
439.00000000 0.44487833 0.00579592
440.00000000 0.43988949 0.00579560
441.00000000 0.43490145 0.00579480
442.00000000 0.42991462 0.00579386
443.00000000 0.42492910 0.00579290
444.00000000 0.41994489 0.00579194
445.00000000 0.41496198 0.00579096
446.00000000 0.40998038 0.00578995
447.00000000 0.40500009 0.00578894
448.00000000 0.40002110 0.00578792
449.00000000 0.39504341 0.00578687
450.00000000 0.39006703 0.00578580
451.00000000 0.38509196 0.00578474
452.00000000 0.38011818 0.00578363
453.00000000 0.37514571 0.00578251
454.00000000 0.37017455 0.00578139
455.00000000 0.36520469 0.00578024
456.00000000 0.36023613 0.00577909
457.00000000 0.35526887 0.00577791
458.00000000 0.35030291 0.00577670
459.00000000 0.34533826 0.00577549
460.00000000 0.34037491 0.00577427
461.00000000 0.33541285 0.00577301
462.00000000 0.33045210 0.00577175
463.00000000 0.32549265 0.00577047
464.00000000 0.32053450 0.00576917
465.00000000 0.31557765 0.00576786
466.00000000 0.31062209 0.00576651
467.00000000 0.30566784 0.00576517
468.00000000 0.30071488 0.00576379
469.00000000 0.29576322 0.00576240
470.00000000 0.29081286 0.00576099
471.00000000 0.28586380 0.00575956
472.00000000 0.28091604 0.00575812
473.00000000 0.27596957 0.00575667
474.00000000 0.27102439 0.00575517
475.00000000 0.26608052 0.00575367
476.00000000 0.26113794 0.00575216
477.00000000 0.25619665 0.00575062
478.00000000 0.25125666 0.00574906
479.00000000 0.24631797 0.00574899
