0.000000000000 0.000428154789 0.000051764705
1.000000000000 0.041050929852 0.004660128121
2.000000000000 0.046144502557 0.004971364033
3.000000000000 0.051024848407 0.005255954380
4.000000000000 0.049263293434 0.004877628633
5.000000000000 0.059632328985 0.005697015934
6.000000000000 0.068078340692 0.006293247696
7.000000000000 0.074814255577 0.006705817841
8.000000000000 0.075620927755 0.006582328091
9.000000000000 0.079815126348 0.006754421433
10.000000000000 0.083586666545 0.006882865620
11.000000000000 0.091558772683 0.007340477490
12.000000000000 0.091402714667 0.007137712602
13.000000000000 0.095735023041 0.007283953148
14.000000000000 0.097871049042 0.007256330564
15.000000000000 0.101486811245 0.007332769687
16.000000000000 0.100883010450 0.007103418448
17.000000000000 0.110039616093 0.007550167776
18.000000000000 0.104261317478 0.006970000321
19.000000000000 0.108634560425 0.007074633492
20.000000000000 0.100906697349 0.006400148060
21.000000000000 0.077825388319 0.004806396680
22.000000000000 0.030474914033 0.001832112948
23.000000000000 0.004493739713 0.000262907699
24.000000000000 0.000377121441 0.000021464945
25.000000000000 0.000086841610 0.000004807207
26.000000000000 0.000070585589 0.000003798903
27.000000000000 0.000072114354 0.000003772268
28.000000000000 0.000074453354 0.000003779299
29.000000000000 0.000073533653 0.000003637556
30.000000000000 0.000073073248 0.000003518745
31.000000000000 0.000071400382 0.000003352617
32.000000000000 0.000071001199 0.000003243933
33.000000000000 0.000071237452 0.000003168024
34.000000000000 0.000070820296 0.000003065186
35.000000000000 0.000070637526 0.000002977503
36.000000000000 0.000071355807 0.000002924281
37.000000000000 0.000069713099 0.000002793047
38.000000000000 0.000069671462 0.000002719660
39.000000000000 0.000069914307 0.000002657345
40.000000000000 0.000069051556 0.000002567197
41.000000000000 0.000068318851 0.000002486266
42.000000000000 0.000068922625 0.000002448474
43.000000000000 0.000068263957 0.000002381488
44.000000000000 0.000068839617 0.000002354628
45.000000000000 0.000067896607 0.000002290419
46.000000000000 0.000068635809 0.000002276105
47.000000000000 0.000069034615 0.000002257806
48.000000000000 0.000068778537 0.000002231988
49.000000000000 0.000068590558 0.000002224328
50.000000000000 0.000067927833 0.000002205950
51.000000000000 0.000068195314 0.000002208944
52.000000000000 0.000068046242 0.000002203025
53.000000000000 0.000068450652 0.000002211701
54.000000000000 0.000068232253 0.000002205833
55.000000000000 0.000068725045 0.000002218331
56.000000000000 0.000069211672 0.000002230426
57.000000000000 0.000068946864 0.000002223534
58.000000000000 0.000068656905 0.000002214860
59.000000000000 0.000068805080 0.000002216466
60.000000000000 0.000069110365 0.000002221260
61.000000000000 0.000068554383 0.000002204942
62.000000000000 0.000068293351 0.000002196729
63.000000000000 0.000069100519 0.000002216421
64.000000000000 0.000068959010 0.000002212554
65.000000000000 0.000069364696 0.000002222211
66.000000000000 0.000069419146 0.000002223320
67.000000000000 0.000069400397 0.000002222524
68.000000000000 0.000069401923 0.000002221467
69.000000000000 0.000069711551 0.000002228929
70.000000000000 0.000069941642 0.000002233775
71.000000000000 0.000069526502 0.000002223428
72.000000000000 0.000069681896 0.000002227648
73.000000000000 0.000070038306 0.000002237345
74.000000000000 0.000069867991 0.000002233719
75.000000000000 0.000070165088 0.000002242647
76.000000000000 0.000070388055 0.000002249065
77.000000000000 0.000070303626 0.000002247914
78.000000000000 0.000070205320 0.000002244359
79.000000000000 0.000070049270 0.000002240009
80.000000000000 0.000070277450 0.000002245393
81.000000000000 0.000070113869 0.000002240749
82.000000000000 0.000070782590 0.000002257768
83.000000000000 0.000069996835 0.000002239267
84.000000000000 0.000070182681 0.000002244855
85.000000000000 0.000070616289 0.000002256353
86.000000000000 0.000070789744 0.000002261634
87.000000000000 0.000070277518 0.000002249838
88.000000000000 0.000070692152 0.000002260528
89.000000000000 0.000070603592 0.000001994800
90.000000000000 0.000070890969 0.000002002230
91.000000000000 0.000071178257 0.000002010027
92.000000000000 0.000071290403 0.000002013003
93.000000000000 0.000071523876 0.000002019536
94.000000000000 0.000071510204 0.000002019367
95.000000000000 0.000071915348 0.000002030801
96.000000000000 0.000072197963 0.000002038860
97.000000000000 0.000072629568 0.000002050985
98.000000000000 0.000072860665 0.000002057571
99.000000000000 0.000072903777 0.000002058943
100.000000000000 0.000073456452 0.000002074376
101.000000000000 0.000073984151 0.000002089072
102.000000000000 0.000074155646 0.000002093865
103.000000000000 0.000074425956 0.000002101308
104.000000000000 0.000074602141 0.000002106199
105.000000000000 0.000074514853 0.000002103727
106.000000000000 0.000074420549 0.000002101051
107.000000000000 0.000074636160 0.000002106919
108.000000000000 0.000074641360 0.000002107071
109.000000000000 0.000074891786 0.000002114087
110.000000000000 0.000075113609 0.000002120298
111.000000000000 0.000075440762 0.000002129448
112.000000000000 0.000075885441 0.000002141696
113.000000000000 0.000075499156 0.000002131198
114.000000000000 0.000075845849 0.000002140785
115.000000000000 0.000075820512 0.000002140136
116.000000000000 0.000076009068 0.000002145292
117.000000000000 0.000076064617 0.000002146921
118.000000000000 0.000076346582 0.000002154856
119.000000000000 0.000076503222 0.000002159149
120.000000000000 0.000077033298 0.000002173934
121.000000000000 0.000077790410 0.000002194949
122.000000000000 0.000077491969 0.000002187007
123.000000000000 0.000078037033 0.000002202169
124.000000000000 0.000078375611 0.000002211642
125.000000000000 0.000078418338 0.000002212835
126.000000000000 0.000078597981 0.000002217672
127.000000000000 0.000078659475 0.000002219337
128.000000000000 0.000078512785 0.000002215217
129.000000000000 0.000078774697 0.000002222465
130.000000000000 0.000079166378 0.000002233429
131.000000000000 0.000079697611 0.000002248374
132.000000000000 0.000080334739 0.000002266324
133.000000000000 0.000080685232 0.000002276212
134.000000000000 0.000080994409 0.000002284858
135.000000000000 0.000081281695 0.000002292924
136.000000000000 0.000081450064 0.000002297656
137.000000000000 0.000081795140 0.000002307293
138.000000000000 0.000082550951 0.000002305244
139.000000000000 0.000083010728 0.000002316879
140.000000000000 0.000083469327 0.000002342965
141.000000000000 0.000083926745 0.000002368140
142.000000000000 0.000084382985 0.000002398665
143.000000000000 0.000084838045 0.000002421885
144.000000000000 0.000085291925 0.000002512423
145.000000000000 0.000085744627 0.000002518546
146.000000000000 0.000086196149 0.000002531370
147.000000000000 0.000086646492 0.000002602995
148.000000000000 0.000087095655 0.000002595678
149.000000000000 0.000087543639 0.000002495883
150.000000000000 0.000087990444 0.000002517506
151.000000000000 0.000088436069 0.000002508436
152.000000000000 0.000088880515 0.000002532212
153.000000000000 0.000089323782 0.000002721717
154.000000000000 0.000089765869 0.000002846087
155.000000000000 0.000090206777 0.000002647279
156.000000000000 0.000090646506 0.000002681901
157.000000000000 0.000091085055 0.000002703615
158.000000000000 0.000091522425 0.000002707821
159.000000000000 0.000091958615 0.000002731837
160.000000000000 0.000092393627 0.000002804179
161.000000000000 0.000092827459 0.000002789831
162.000000000000 0.000093260111 0.000002749026
163.000000000000 0.000093691585 0.000002742812
164.000000000000 0.000094121879 0.000002757058
165.000000000000 0.000094550993 0.000002721658
166.000000000000 0.000094978928 0.000002709600
167.000000000000 0.000095405684 0.000002709061
168.000000000000 0.000096283228 0.000002715242
169.000000000000 0.000096249935 0.000002714253
170.000000000000 0.000096473411 0.000002720604
171.000000000000 0.000096921271 0.000002733248
172.000000000000 0.000097403037 0.000002746788
173.000000000000 0.000097779895 0.000002757366
174.000000000000 0.000097940637 0.000002761835
175.000000000000 0.000098383224 0.000002774308
176.000000000000 0.000099081780 0.000002793987
177.000000000000 0.000100019611 0.000002820474
178.000000000000 0.000100988246 0.000002847786
179.000000000000 0.000101961502 0.000002875235
180.000000000000 0.000102743478 0.000002897209
181.000000000000 0.000103465677 0.000002917591
182.000000000000 0.000104253482 0.000002939798
183.000000000000 0.000105108725 0.000002963953
184.000000000000 0.000106267694 0.000002996566
185.000000000000 0.000107100290 0.000003020038
186.000000000000 0.000108442881 0.000003057845
187.000000000000 0.000108942955 0.000003071977
188.000000000000 0.000109862998 0.000003097881
189.000000000000 0.000110895795 0.000003126968
190.000000000000 0.000111901258 0.000003155328
191.000000000000 0.000112800491 0.000003180710
192.000000000000 0.000113537900 0.000003201428
193.000000000000 0.000114200330 0.000003220079
194.000000000000 0.000115266433 0.000003249964
195.000000000000 0.000116173671 0.000003275675
196.000000000000 0.000117101697 0.000003301825
197.000000000000 0.000118067410 0.000003329053
198.000000000000 0.000118950309 0.000003353901
199.000000000000 0.000119678156 0.000003374445
200.000000000000 0.000120808923 0.000003406275
201.000000000000 0.000121828442 0.000003434875
202.000000000000 0.000122978771 0.000003467489
203.000000000000 0.000124769799 0.000003517962
204.000000000000 0.000126582526 0.000003568879
205.000000000000 0.000127564316 0.000003596556
206.000000000000 0.000128399124 0.000003620081
207.000000000000 0.000129362559 0.000003647232
208.000000000000 0.000130422070 0.000003677102
209.000000000000 0.000131839178 0.000003717075
210.000000000000 0.000132941306 0.000003748216
211.000000000000 0.000133918557 0.000003775816
212.000000000000 0.000135209357 0.000003812244
213.000000000000 0.000136970432 0.000003861951
214.000000000000 0.000138740141 0.000003911844
215.000000000000 0.000140634611 0.000003965359
216.000000000000 0.000142624397 0.000004021561
217.000000000000 0.000144487346 0.000004074101
218.000000000000 0.000145969355 0.000004115988
219.000000000000 0.000146991795 0.000004144870
220.000000000000 0.000148036232 0.000004174371
221.000000000000 0.000149103498 0.000004204557
222.000000000000 0.000150858612 0.000004254123
223.000000000000 0.000152646316 0.000004304608
224.000000000000 0.000154847570 0.000004366624
225.000000000000 0.000157199002 0.000004433046
226.000000000000 0.000159673174 0.000004502816
227.000000000000 0.000161552425 0.000004555879
228.000000000000 0.000162821004 0.000004591752
229.000000000000 0.000165180603 0.000004618220
230.000000000000 0.000167514730 0.000004683541
231.000000000000 0.000169928429 0.000004751084
232.000000000000 0.000172119588 0.000004812410
233.000000000000 0.000174523687 0.000004882928
234.000000000000 0.000177420960 0.000004960754
235.000000000000 0.000179273420 0.000005012622
236.000000000000 0.000180822094 0.000005055978
237.000000000000 0.000182237404 0.000005095660
238.000000000000 0.000184443048 0.000005160881
239.000000000000 0.000186912606 0.000005226574
240.000000000000 0.000190197790 0.000005318517
241.000000000000 0.000194532135 0.000005439817
242.000000000000 0.000197136672 0.000005514166
243.000000000000 0.000199634354 0.000005586451
244.000000000000 0.000203479906 0.000005678689
245.000000000000 0.000206839498 0.000005819021
246.000000000000 0.000210184687 0.000005979263
247.000000000000 0.000213515473 0.000006122368
248.000000000000 0.000216831854 0.000006223582
249.000000000000 0.000220133833 0.000006350080
250.000000000000 0.000223421408 0.000006363627
251.000000000000 0.000226694579 0.000006607648
252.000000000000 0.000229953347 0.000006797331
253.000000000000 0.000233197712 0.000006623876
254.000000000000 0.000236427673 0.000006896775
255.000000000000 0.000239643231 0.000007134421
256.000000000000 0.000242844385 0.000007231912
257.000000000000 0.000246031135 0.000007130632
258.000000000000 0.000249203483 0.000007062752
259.000000000000 0.000252832983 0.000007071755
260.000000000000 0.000255085805 0.000007134769
261.000000000000 0.000261875103 0.000007324775
262.000000000000 0.000276443047 0.000007737458
263.000000000000 0.000292801731 0.000008189900
264.000000000000 0.000302398513 0.000008458350
265.000000000000 0.000296261412 0.000008286810
266.000000000000 0.000255542514 0.000007150438
267.000000000000 0.000312303764 0.000008741538
268.000000000000 0.000933795095 0.000026120531
269.000000000000 0.000510728663 0.000014286632
270.000000000000 0.000352332530 0.000009855972
271.000000000000 0.000332580583 0.000009309769
272.000000000000 0.000326430698 0.000009134245
273.000000000000 0.000319907142 0.000008949531
274.000000000000 0.000310410786 0.000008683951
275.000000000000 0.000304801459 0.000008527160
276.000000000000 0.000308303309 0.000008631100
277.000000000000 0.000315374685 0.000008823509
278.000000000000 0.000322181100 0.000009014159
279.000000000000 0.000330677301 0.000009252042
280.000000000000 0.000339280951 0.000009492901
281.000000000000 0.000345918906 0.000009685182
282.000000000000 0.000351032341 0.000009822025
283.000000000000 0.000354343196 0.000009914910
284.000000000000 0.000360149198 0.000010077570
285.000000000000 0.000366327428 0.000010250655
286.000000000000 0.000371851000 0.000010412388
287.000000000000 0.000378805921 0.000010600258
288.000000000000 0.000385548039 0.000010789127
289.000000000000 0.000390824604 0.000010937017
290.000000000000 0.000395175027 0.000011064339
291.000000000000 0.000397886735 0.000011142189
292.000000000000 0.000401573067 0.000011238084
293.000000000000 0.000406270008 0.000011369724
294.000000000000 0.000411882075 0.000011526958
295.000000000000 0.000417773903 0.000011699932
296.000000000000 0.000424125904 0.000011871657
297.000000000000 0.000430813825 0.000012057695
298.000000000000 0.000436455476 0.000012215772
299.000000000000 0.000438088254 0.000012267924
300.000000000000 0.000439249670 0.000012317385
301.000000000000 0.000445987091 0.000012507535
302.000000000000 0.000451778760 0.000012680084
303.000000000000 0.000456839502 0.000012833038
304.000000000000 0.000461178871 0.000012966507
305.000000000000 0.000465365908 0.000013105028
306.000000000000 0.000467525646 0.000013170213
307.000000000000 0.000468403758 0.000013208524
308.000000000000 0.000468961949 0.000013238414
309.000000000000 0.000471305366 0.000013319308
310.000000000000 0.000474692586 0.000013439285
311.000000000000 0.000480752754 0.000013618361
312.000000000000 0.000485053619 0.000013757188
313.000000000000 0.000484326620 0.000013754199
314.000000000000 0.000484149708 0.000013776245
315.000000000000 0.000485222350 0.000013825236
316.000000000000 0.000486896127 0.000013883906
317.000000000000 0.000490746521 0.000014013982
318.000000000000 0.000496961309 0.000014212490
319.000000000000 0.000499962360 0.000014311384
320.000000000000 0.000498766261 0.000014268101
321.000000000000 0.000497665349 0.000014236555
322.000000000000 0.000501347496 0.000014341913
323.000000000000 0.000504888740 0.000014443170
324.000000000000 0.000504884010 0.000014452199
325.000000000000 0.000512016594 0.000014647079
326.000000000000 0.000516198906 0.000014766671
327.000000000000 0.000512909918 0.000014672626
328.000000000000 0.000512481379 0.000014660389
329.000000000000 0.000514905821 0.000014739132
330.000000000000 0.000517156513 0.000014794240
331.000000000000 0.000523077939 0.000014963478
332.000000000000 0.000523550412 0.000014977133
333.000000000000 0.000522945535 0.000014962522
334.000000000000 0.000525588745 0.000015045130
335.000000000000 0.000526144025 0.000015051536
336.000000000000 0.000531670474 0.000015209774
337.000000000000 0.000535838104 0.000015328961
338.000000000000 0.000533332659 0.000015267231
339.000000000000 0.000534574470 0.000015299196
340.000000000000 0.000537919782 0.000015388893
341.000000000000 0.000542861170 0.000015530228
342.000000000000 0.000549316118 0.000015714714
343.000000000000 0.000552694763 0.000015821549
344.000000000000 0.000552802146 0.000015814871
345.000000000000 0.000558680168 0.000015983022
346.000000000000 0.000564768555 0.000016157324
347.000000000000 0.000571416133 0.000016347663
348.000000000000 0.000577560608 0.000016533619
349.000000000000 0.000579989723 0.000016592759
350.000000000000 0.000590785557 0.000016901786
351.000000000000 0.000601216396 0.000017199860
352.000000000000 0.000609857428 0.000017446676
353.000000000000 0.000613049666 0.000017549216
354.000000000000 0.000619720719 0.000017729097
355.000000000000 0.000635542304 0.000018181759
356.000000000000 0.000647857531 0.000018533556
357.000000000000 0.000651254117 0.000018638469
358.000000000000 0.000656580745 0.000018796069
359.000000000000 0.000669348492 0.000019149011
360.000000000000 0.000680890088 0.000019479475
361.000000000000 0.000687262439 0.000019661603
362.000000000000 0.000694422794 0.000019879167
363.000000000000 0.000706390874 0.000020212739
364.000000000000 0.000722470003 0.000020669001
365.000000000000 0.000728080261 0.000020829656
366.000000000000 0.000733184091 0.000020975640
367.000000000000 0.000744624784 0.000021316659
368.000000000000 0.000758151754 0.000021690396
369.000000000000 0.000764956998 0.000021884924
370.000000000000 0.000778223898 0.000022264473
371.000000000000 0.000794759590 0.000022737613
372.000000000000 0.000800339852 0.000022912098
373.000000000000 0.000812168765 0.000023236044
374.000000000000 0.000816962431 0.000023373227
375.000000000000 0.000828073541 0.000023691201
376.000000000000 0.000834503579 0.000023875444
377.000000000000 0.000846799563 0.000024242754
378.000000000000 0.000856841871 0.000024514788
379.000000000000 0.000870080028 0.000024893455
380.000000000000 0.000882204993 0.000025240615
381.000000000000 0.000894264005 0.000025600648
382.000000000000 0.000898590607 0.000025725524
383.000000000000 0.000905280985 0.000025900704
384.000000000000 0.000915479150 0.000026192518
385.000000000000 0.000925369941 0.000026475549
386.000000000000 0.000938462876 0.000026867391
387.000000000000 0.000956509207 0.000027366915
388.000000000000 0.000998990343 0.000028582458
389.000000000000 0.001068697525 0.000030576928
390.000000000000 0.001101375864 0.000031511892
391.000000000000 0.001089453998 0.000031190682
392.000000000000 0.001050878097 0.000030067632
393.000000000000 0.001290486742 0.000036923378
394.000000000000 0.001470159834 0.000042064654
395.000000000000 0.001187997744 0.000033991888
396.000000000000 0.001145282481 0.000032790587
397.000000000000 0.001136841546 0.000032528819
398.000000000000 0.001116300321 0.000031963195
399.000000000000 0.001102760851 0.000031599187
400.000000000000 0.001079674254 0.000030962948
401.000000000000 0.001073598081 0.000030830073
402.000000000000 0.001078759927 0.000030982847
403.000000000000 0.001098110452 0.000031563132
404.000000000000 0.001129602236 0.000032494134
405.000000000000 0.001156562286 0.000033317071
406.000000000000 0.001171026573 0.000033758341
407.000000000000 0.001184584124 0.000034158974
408.000000000000 0.001207341283 0.000034843521
409.000000000000 0.001248379525 0.000036028139
410.000000000000 0.001268940549 0.000036644446
411.000000000000 0.001299238822 0.000037496300
412.000000000000 0.001323776453 0.000038204881
413.000000000000 0.001345846034 0.000038842048
414.000000000000 0.001374263858 0.000039662484
415.000000000000 0.001408683086 0.000040681508
416.000000000000 0.001437778669 0.000041495469
417.000000000000 0.001451675668 0.000041897099
418.000000000000 0.001488707789 0.000042966144
419.000000000000 0.001523384272 0.000043967517
420.000000000000 0.001555500846 0.000044922967
421.000000000000 0.001626631275 0.000046948071
422.000000000000 0.001682005821 0.000048546914
423.000000000000 0.001703080678 0.000049155872
424.000000000000 0.001717616747 0.000049581200
425.000000000000 0.001754827090 0.000050682289
426.000000000000 0.001818122481 0.000052478887
427.000000000000 0.001861190003 0.000053722948
428.000000000000 0.001927001067 0.000055627236
429.000000000000 0.001984411869 0.000057451586
430.000000000000 0.002059847366 0.000059770682
431.000000000000 0.002130991626 0.000061950201
432.000000000000 0.002228572352 0.000064947134
433.000000000000 0.002314570562 0.000067624847
434.000000000000 0.002353509225 0.000068983356
435.000000000000 0.002397136032 0.000070406876
436.000000000000 0.002481137614 0.000073072579
437.000000000000 0.002568591403 0.000075858718
438.000000000000 0.002691389419 0.000079707266
439.000000000000 0.002854796723 0.000084597342
440.000000000000 0.003058730663 0.000090586928
441.000000000000 0.003259234373 0.000096526486
442.000000000000 0.003557321683 0.000105355564
443.000000000000 0.003908333894 0.000115752736
444.000000000000 0.004304969991 0.000127578334
445.000000000000 0.004909073675 0.000145396537
446.000000000000 0.005548807662 0.000164347232
447.000000000000 0.006206104464 0.000183819172
448.000000000000 0.007017931802 0.000207866173
449.000000000000 0.008426324413 0.000249736086
450.000000000000 0.010497723113 0.000310950678
451.000000000000 0.011471050005 0.000339785017
452.000000000000 0.014815691461 0.000438877688
453.000000000000 0.017694476858 0.000531858711
454.000000000000 0.019032376484 0.000581393381
455.000000000000 0.019618332342 0.000599527807
456.000000000000 0.019981764659 0.000610664187
457.000000000000 0.022095495344 0.000679551241
458.000000000000 0.021447929341 0.000664606258
459.000000000000 0.017295562136 0.000539581678
460.000000000000 0.014427851103 0.000453297404
461.000000000000 0.012389024280 0.000392129586
462.000000000000 0.010022833051 0.000319636703
463.000000000000 0.009489571311 0.000305108604
464.000000000000 0.007206379985 0.000233391916
465.000000000000 0.007569530881 0.000247097501
466.000000000000 0.006802313071 0.000223834060
467.000000000000 0.006120849864 0.000203046727
468.000000000000 0.005853538137 0.000195869084
469.000000000000 0.006450861940 0.000217547183
470.000000000000 0.007147581260 0.000243064954
471.000000000000 0.007088076063 0.000243079372
472.000000000000 0.007731150091 0.000267390280
473.000000000000 0.009617449410 0.000335632416
474.000000000000 0.009931202554 0.000349412207
475.000000000000 0.009464499063 0.000335875291
476.000000000000 0.012092616079 0.000432880450
477.000000000000 0.012212810916 0.000441008893
478.000000000000 0.015228700349 0.000554991797
479.000000000000 0.022917312943 0.000842582837
