447.95747188 398.96176048 73.88349129 0.00196276
446.00057795 423.36026971 77.23619829 0.00166992
444.04511312 446.61714900 55.78179868 0.00118591

440.12848559 408.36230673 32.27085654 0.00065543
438.14058908 430.25849283 34.74845570 0.00078560

432.13390201 402.08224240 49.06846834 0.00120739
430.11491674 422.20873316 62.02591908 0.00135760
428.10258373 442.41384735 68.28976066 0.00139104

422.09465925 397.84249020 34.06312768 0.00085480
420.11290915 415.59053488 73.01587416 0.00162424
418.12362664 433.61259079 74.98853973 0.00158376
416.13561875 451.10805114 22.01219663 0.00043692

409.91601848 394.29348075 8.61083973 0.00016184
407.90821832 406.24322558 114.64832759 0.00196015
405.89763203 422.55533804 129.09826383 0.00214035
403.88669982 438.42617641 116.59527448 0.00189550
401.88539784 454.31122548 11.62719218 0.00018702

393.91957945 385.42388362 83.26824621 0.00115988
392.01441270 399.35001570 80.78052457 0.00126146
390.03412652 413.34360048 81.20918424 0.00127971
388.00255977 427.34951176 80.02495320 0.00129644
385.98683843 441.39391665 74.12193123 0.00120660

392.01441270 272.27178283 17.59144822 0.00027471
390.03412652 276.60513457 138.50275069 0.00218256
388.00255977 288.63491391 149.62565507 0.00242401
385.98683843 300.63852003 166.09347291 0.00270376
383.97138462 312.67265545 182.93039064 0.00293894
381.95422180 324.72266862 189.95112809 0.00302590
379.96704485 336.69066746 206.65987213 0.00319448
377.97540030 348.65979123 263.65128075 0.00370309
375.99410408 360.55881477 160.71679360 0.00282071
374.01776167 372.48384409 155.68320637 0.00277019
372.04534918 384.33634383 164.62909047 0.00313411
370.07309312 396.25297199 130.83640641 0.00270408
368.06986143 408.28591904 147.59490882 0.00337795
366.07089125 420.12628163 69.89356316 0.00172179

364.07175299 269.62498641 127.25490016 0.00224134
362.06375501 279.65816266 131.52877970 0.00244080
360.06723135 289.58110556 152.10606825 0.00305086
358.05934394 299.57867302 84.97043305 0.00167814
356.08277583 309.51532259 101.36287345 0.00188924

354.09880738 319.47028319 121.19843429 0.00211464
352.13146941 329.37123513 135.56825274 0.00226971
350.14411531 339.22095109 133.42345829 0.00216304
348.16603226 349.18548237 155.02389680 0.00250760
346.15485508 359.22262837 140.50828709 0.00230771
343.91127159 370.24678060 172.29423450 0.00281080
341.89652621 380.27987140 163.10621785 0.00267467
340.13144447 389.39010914 175.76607011 0.00297478

#323.98123747 270.39182157 54.29364680 0.00107357
321.97566962 275.29330949 128.49205449 0.00280813
319.95150363 283.31751232 152.14931303 0.00320337
317.93803689 291.37857226 148.10840540 0.00324999
315.94680019 299.37613682 158.37120158 0.00314394
313.95062304 307.38183551 164.51763742 0.00322331

311.96760307 315.30909495 174.28108343 0.00322939
309.98325468 323.25484422 188.30841549 0.00354028
308.01375994 331.13271953 218.75888773 0.00373043
306.03565371 339.05575751 190.41549602 0.00377383
304.03485964 347.03938226 238.64099045 0.00405725
302.03237173 355.05146406 290.02640334 0.00472750
300.03728429 363.09164260 307.12613240 0.00490734
298.01271670 371.12781064 324.72652461 0.00498903
295.99074883 379.19615560 173.49676087 0.00382307
293.99952262 387.19404281 178.89444902 0.00367311
#292.00916870 395.27068880 56.09477598 0.00116473

269.92965956 226.74066119 24.23360746 0.00047112
267.94900115 231.67529526 64.75979590 0.00054323
265.87069604 238.92392470 66.56127411 0.00065525
264.23562633 244.07966662 20.35839877 0.00038960
261.98661024 250.68212823 15.01160907 0.00027473
259.98127261 256.66612424 13.86104911 0.00028128
257.95282630 262.96404825 11.63891111 0.00024757
255.91504566 268.77550166 13.26857462 0.00024484

# synthetic
246.00800000 17.72400000 48.06409352 0.00120750
# synthetic
244.00800000 21.74500000 48.06409352 0.00120750
242.00695791 25.76677801 48.06409352 0.00120750
240.00423241 29.78713743 52.51291482 0.00111836

240.00423241 29.78713743 52.51291482 0.00111836
237.98008528 33.78940805 48.69382814 0.00114866
235.97495581 37.77291763 53.25785317 0.00133363
233.99549308 41.76077438 66.94416623 0.00123220
231.99993108 45.70889766 62.35611719 0.00120559
230.02803204 49.69605761 60.31672526 0.00112577
227.95959713 53.80460373 52.81702477 0.00104871
225.95905282 57.82484340 64.16783921 0.00126877
223.98636798 61.78204632 55.28540415 0.00101477
221.95044271 65.86080896 31.39078423 0.00081474
# Synthetic
220.95600000 67.84000000 28.49268558 0.00067827

# Synthetic
220.95600000 67.84000000 28.49268558 0.00067827
219.96254149 69.81655465 28.49268558 0.00067827

219.96254149 69.81655465 28.49268558 0.00067827
217.97350216 73.75487588 39.55072086 0.00083129
215.99175392 77.73820187 40.70876496 0.00085623
214.00447021 81.68384632 39.69011048 0.00082935
212.02675065 85.66938816 44.69955742 0.00097046
210.02758103 89.73237460 40.05137865 0.00092643
208.01786005 93.76214934 38.02089636 0.00082177
206.01420384 97.73615125 44.62879696 0.00084745
204.00359811 101.75963196 46.81221103 0.00086201
201.95160736 105.80839773 38.64422294 0.00070401
199.96271697 109.80367350 34.69150582 0.00064919
197.95133246 113.79948652 36.87523887 0.00068305
195.91555196 117.83482417 21.32399010 0.00072988
193.92100655 121.83565481 34.18353407 0.00066408
191.90644183 125.85815776 41.46649839 0.00075476
189.89135639 129.85592586 40.52259972 0.00076979
188.09127557 133.36742491 25.43504814 0.00081979
186.09182298 137.37935372 27.71796250 0.00083621
184.09641465 141.40464806 19.98258135 0.00064115
182.07989074 145.37526372 20.14598648 0.00060006
180.10687404 149.35991793 24.76985046 0.00068096
177.88853654 153.80452616 13.07634072 0.00036059
176.12053070 157.33119501 13.71201355 0.00033551
174.11713409 161.31244660 15.54253003 0.00040718
172.13380400 165.34468441 9.93928410 0.00027053
169.93152775 169.79554673 12.50663648 0.00033501
167.93424783 173.75782145 16.54945594 0.00047874
165.92777715 177.70714025 10.25433440 0.00030593
163.89183766 181.73042565 9.98393616 0.00029995
162.09900064 185.36255342 10.74877462 0.00034311
# Synthetic
161.09850000 187.38360000 10.74877462 0.00034311

# Synthetic
161.09850000 187.38360000 10.74877462 0.00034311
160.09794044 189.41538816 12.15884109 0.00029721

160.09794044 189.41538816 12.15884109 0.00029721
157.88962284 193.73654633 17.96252244 0.00036799
156.08274343 197.38179445 31.68683162 0.00054961
154.07779168 201.41309073 19.75074700 0.00051832
152.05418119 205.47853553 23.72489857 0.00045009
150.05181095 209.33985709 19.72926260 0.00046726
148.03911282 213.41809304 15.68421160 0.00048346
146.02023038 217.52848211 17.21825167 0.00045737
144.04293200 221.52609658 16.61801443 0.00043282
142.00085041 225.54512106 17.26626260 0.00039279
139.99643281 229.60220750 12.51498727 0.00031179
137.99867014 233.57660976 15.04825014 0.00034334
135.99753975 237.61680507 22.16661388 0.00057012
133.95637688 241.62578884 23.52648691 0.00057849
131.99343993 245.60063306 22.73016997 0.00054019
130.02189336 249.48922687 13.90721672 0.00035008
128.02403984 253.41183809 23.20428056 0.00053295
126.00395973 257.47760300 29.15588133 0.00065748
124.01864536 261.50966526 28.49163016 0.00055718
121.99376103 265.58437778 17.23071782 0.00035470

