#Pixel Wavelength_nm Field30 Field175 Field320 Field465 Field610
0.0000 2635.8212 -99999 -99999 -99999 -99999 -99999     
1.0000 2630.8509 -99999 -99999 -99999 -99999 -99999     
2.0000 2625.8806 -99999 -99999 -99999 -99999 -99999     
3.0000 2620.9104 -99999 -99999 -99999 -99999 -99999     
4.0000 2615.9402 -99999 -99999 -99999 -99999 -99999     
5.0000 2610.9701 -99999 -99999 -99999 -99999 -99999     
6.0000 2606.0000 -99999 -99999 -99999 -99999 -99999     
7.0000 2601.0299 -99999 -99999 -99999 -99999 -99999     
8.0000 2596.0598 -99999 -99999 -99999 -99999 -99999     
9.0000 2591.0898 -99999 -99999 -99999 -99999 -99999     
10.0000 2586.1197 -99999 -99999 -99999 -99999 -99999          
11.0000 2581.1497 -99999 -99999 -99999 -99999 -99999     
12.0000 2576.1796 -99999 -99999 -99999 -99999 -99999     
13.0000 2571.2095 -99999 -99999 -99999 -99999 -99999     
14.0000 2566.2393 -99999 -99999 -99999 -99999 -99999     
15.0000 2561.2692 -99999 -99999 -99999 -99999 -99999     
16.0000 2556.2989 -99999 -99999 -99999 -99999 -99999     
17.0000 2551.3287 -99999 -99999 -99999 -99999 -99999     
18.0000 2546.3583 -99999 -99999 -99999 -99999 -99999     
19.0000 2541.3879 -99999 -99999 -99999 -99999 -99999     
20.0000 2536.4175 -99999 -99999 -99999 -99999 -99999     
21.0000 2531.4469 -99999 -99999 -99999 -99999 -99999     
22.0000 2526.4763 -99999 -99999 -99999 -99999 -99999     
23.0000 2521.5056 -99999 -99999 -99999 -99999 -99999     
24.0000 2516.5348 -99999 -99999 -99999 -99999 -99999     
25.0000 2511.5638 -99999 -99999 -99999 -99999 -99999     
26.0000 2506.5928 -99999 -99999 -99999 -99999 -99999          
27.0000 2501.6217 -99999 -99999 -99999 -99999 -99999          
28.0000 2496.6504 -99999 -99999 -99999 -99999 -99999          
29.0000 2491.6790 -99999 -99999 -99999 -99999 -99999          
30.0000 2486.7075 -99999 -99999 -99999 -99999 -99999          
31.0000 2481.7359 1.0576 1.0918 1.0846 1.0570 1.0604
32.0000 2476.7641 1.1189 1.1260 1.0915 1.0918 1.1040
33.0000 2471.7922 1.1339 1.1431 1.0835 1.1233 1.1163
34.0000 2466.8201 1.1082 1.1036 1.0867 1.0793 1.0790
35.0000 2461.8479 1.1215 1.1244 1.1336 1.0991 1.0975
36.0000 2456.8755 1.1119 1.1505 1.0835 1.1047 1.0813
37.0000 2451.9029 1.1059 1.1200 1.0690 1.0767 1.0953
38.0000 2446.9302 1.1184 1.1302 1.1078 1.0755 1.0973
39.0000 2441.9573 1.1017 1.1072 1.0674 1.0795 1.0941
40.0000 2436.9842 1.0729 1.0831 1.0423 1.0467 1.0501
41.0000 2432.0110 1.0855 1.1150 1.0663 1.0683 1.0609
42.0000 2427.0376 1.1037 1.1222 1.0630 1.0529 1.0823
43.0000 2422.0640 1.1132 1.1301 1.0807 1.0597 1.0890
44.0000 2417.0902 1.1469 1.1328 1.1174 1.1389 1.1496
45.0000 2412.1162 1.1442 1.1499 1.1238 1.1026 1.1210
46.0000 2407.1420 1.1265 1.1481 1.0930 1.1187 1.1012
47.0000 2402.1676 1.1085 1.0997 1.1005 1.1026 1.1047
48.0000 2397.1930 1.1234 1.1224 1.1080 1.1072 1.1485
49.0000 2392.2182 1.0948 1.1293 1.0938 1.1166 1.1405
50.0000 2387.2432 1.1027 1.1326 1.1029 1.0832 1.1201
51.0000 2382.2680 1.1177 1.1461 1.0907 1.1585 1.1138
52.0000 2377.2926 1.1137 1.0934 1.0800 1.0811 1.0396
53.0000 2372.3170 1.1062 1.1002 1.0877 1.1250 1.0853
54.0000 2367.3411 1.0936 1.0988 1.0791 1.0437 1.0732
55.0000 2362.3650 1.1119 1.1381 1.1006 1.0572 1.0735
56.0000 2357.3887 1.1026 1.1244 1.0882 1.1061 1.0891
57.0000 2352.4122 1.1226 1.1581 1.1192 1.1125 1.1263
58.0000 2347.4354 1.1236 1.1548 1.1309 1.1934 1.1434
59.0000 2342.4584 1.1209 1.1323 1.0845 1.0950 1.0942
60.0000 2337.4812 1.1129 1.1045 1.0760 1.0952 1.1101
61.0000 2332.5037 1.1442 1.1516 1.1179 1.1041 1.1166
62.0000 2327.5260 1.1315 1.1360 1.1038 1.1165 1.1101
63.0000 2322.5481 1.1292 1.1506 1.1188 1.1060 1.1457
64.0000 2317.5699 1.1226 1.1296 1.0959 1.1036 1.0971
65.0000 2312.5915 1.1403 1.1240 1.0916 1.1011 1.1051
66.0000 2307.6128 1.1594 1.1664 1.1148 1.1214 1.1250
67.0000 2302.6339 1.1932 1.1721 1.1273 1.1484 1.1709
68.0000 2297.6547 1.1442 1.1339 1.1206 1.1250 1.1297
69.0000 2292.6753 1.0746 1.1026 1.0791 1.0679 1.0827
70.0000 2287.6957 1.0571 1.0598 1.0400 1.0529 1.0807
71.0000 2282.7157 1.0534 1.0540 1.0335 1.0536 1.0561
72.0000 2277.7356 1.0891 1.0787 1.0595 1.0580 1.0495
73.0000 2272.7552 1.1060 1.1041 1.0804 1.0903 1.1005
74.0000 2267.7745 1.1358 1.1360 1.1159 1.1275 1.1186
75.0000 2262.7936 1.1343 1.1134 1.0949 1.1096 1.1271
76.0000 2257.8124 1.1398 1.1346 1.1083 1.1160 1.1316
77.0000 2252.8309 1.1121 1.1276 1.0910 1.0994 1.1061
78.0000 2247.8492 1.1377 1.1531 1.1156 1.1577 1.1400
79.0000 2242.8673 1.0899 1.1031 1.0773 1.1104 1.1186
80.0000 2237.8851 1.1153 1.1344 1.1028 1.1288 1.1709
81.0000 2232.9026 1.1132 1.1058 1.0764 1.1051 1.0905
82.0000 2227.9199 1.1495 1.1622 1.1233 1.1225 1.1257
83.0000 2222.9369 1.1610 1.1657 1.1649 1.1756 1.1692
84.0000 2217.9536 1.1496 1.1676 1.1303 1.1601 1.1656
85.0000 2212.9701 1.1213 1.1247 1.1052 1.1106 1.1177
86.0000 2207.9863 1.0911 1.0884 1.0322 1.0699 1.0747
87.0000 2203.0022 1.0633 1.0793 1.0432 1.0569 1.0708
88.0000 2198.0179 1.0332 1.0446 1.0174 1.0317 1.0578
89.0000 2193.0333 1.0784 1.1080 1.0730 1.0522 1.0610
90.0000 2188.0485 1.0850 1.1112 1.0974 1.1152 1.1056
91.0000 2183.0634 1.1140 1.1448 1.1131 1.1186 1.1327
92.0000 2178.0780 1.1256 1.1258 1.0981 1.1071 1.1146
93.0000 2173.0924 1.1298 1.1194 1.0931 1.1228 1.1241
94.0000 2168.1065 1.1096 1.1256 1.0856 1.1092 1.1108
95.0000 2163.1204 1.1314 1.1533 1.1197 1.1392 1.1466
96.0000 2158.1339 1.1217 1.1296 1.0967 1.1365 1.1513
97.0000 2153.1472 1.0930 1.1085 1.0663 1.0886 1.1297
98.0000 2148.1603 1.1158 1.1333 1.1154 1.0987 1.0905
99.0000 2143.1731 1.1342 1.1490 1.1139 1.1253 1.0985
100.0000 2138.1856 1.1531 1.1644 1.1306 1.1452 1.1239
101.0000 2133.1979 1.2085 1.2146 1.1769 1.1856 1.2011
102.0000 2128.2099 1.1662 1.1644 1.1244 1.1422 1.1653
103.0000 2123.2216 1.0985 1.1011 1.0889 1.0897 1.1040
104.0000 2118.2331 1.0832 1.0843 1.0570 1.0831 1.0736
105.0000 2113.2443 1.0750 1.0681 1.0323 1.0346 1.0612
106.0000 2108.2552 1.0751 1.0705 1.0303 1.0471 1.0394
107.0000 2103.2659 1.1254 1.1347 1.1027 1.1054 1.1051
108.0000 2098.2764 1.1307 1.1263 1.1040 1.0899 1.1210
109.0000 2093.2865 1.1195 1.1291 1.1029 1.1181 1.1476
110.0000 2088.2965 1.1418 1.1354 1.1085 1.1269 1.1233
111.0000 2083.3061 1.1397 1.1484 1.1083 1.1007 1.1223
112.0000 2078.3155 1.1126 1.1266 1.0907 1.1256 1.1241
113.0000 2073.3247 1.1390 1.1343 1.1215 1.1264 1.1562
114.0000 2068.3336 1.1229 1.1261 1.0900 1.1170 1.1433
115.0000 2063.3422 1.1297 1.1410 1.0967 1.1178 1.1353
116.0000 2058.3506 1.1604 1.1463 1.1152 1.1253 1.1380
117.0000 2053.3587 1.1341 1.1251 1.0970 1.1241 1.1177
118.0000 2048.3666 1.1837 1.1771 1.1366 1.1563 1.1531
119.0000 2043.3742 1.1747 1.1927 1.1732 1.1738 1.1786
120.0000 2038.3816 1.1481 1.1415 1.1106 1.1377 1.1494
121.0000 2033.3887 1.0840 1.1034 1.0646 1.1064 1.1060
122.0000 2028.3956 1.0946 1.0752 1.0305 1.0736 1.0694
123.0000 2023.4022 1.0787 1.0778 1.0375 1.0573 1.0611
124.0000 2018.4086 1.0774 1.0809 1.0526 1.0569 1.0597
125.0000 2013.4147 1.1324 1.1080 1.0766 1.1099 1.1165
126.0000 2008.4206 1.1151 1.1360 1.1101 1.1242 1.1342
127.0000 2003.4262 1.1333 1.1526 1.1173 1.1220 1.1308
128.0000 1998.4316 1.1408 1.1398 1.1128 1.1492 1.1362
129.0000 1993.4368 1.1390 1.1448 1.1091 1.1234 1.1354
130.0000 1988.4417 1.1355 1.1434 1.0989 1.1287 1.0986
131.0000 1983.4464 1.1371 1.1217 1.0987 1.1021 1.1167
132.0000 1978.4508 1.1282 1.1229 1.0990 1.1156 1.1350
133.0000 1973.4550 1.1444 1.1417 1.1047 1.1210 1.1685
134.0000 1968.4589 1.1407 1.1269 1.0766 1.0996 1.1281
135.0000 1963.4627 1.1397 1.1550 1.1132 1.1166 1.1311
136.0000 1958.4662 1.1824 1.1834 1.1220 1.1536 1.1023
137.0000 1953.4694 1.1793 1.1674 1.1428 1.1558 1.1687
138.0000 1948.4724 1.1437 1.1545 1.1047 1.1380 1.1504
139.0000 1943.4752 1.1213 1.1340 1.0719 1.1022 1.1203
140.0000 1938.4778 1.0476 1.0556 1.0252 1.0385 1.0438
141.0000 1933.4801 1.0489 1.0547 1.0249 1.0504 1.0709
142.0000 1928.4822 1.0594 1.0521 1.0084 1.0348 1.0531
143.0000 1923.4841 1.0711 1.0710 1.0238 1.0503 1.0372
144.0000 1918.4857 -99999 -99999 -99999 -99999 -99999          
145.0000 1913.4872 1.0782 1.0768 1.0349 1.0450 1.0648
146.0000 1908.4884 -99999 -99999 1.0820 1.1174 1.1200
147.0000 1903.4893 -99999 -99999 -99999 -99999 -99999          
148.0000 1898.4901 -99999 -99999 -99999 -99999 -99999          
149.0000 1893.4906 1.0113 0.9998 0.9830 1.0002 1.0153
150.0000 1888.4909 1.2107 -99999 1.1690 1.2174 1.2388
151.0000 1883.4910 1.1097 1.1129 1.0671 1.1164 1.1556
152.0000 1878.4909 1.0845 1.0816 1.0704 1.1000 1.1256
153.0000 1873.4906 -99999 -99999 -99999 -99999 -99999          
154.0000 1868.4901 -99999 -99999 -99999 -99999 -99999          
155.0000 1863.4893 -99999 -99999 -99999 -99999 -99999          
156.0000 1858.4883 -99999 -99999 -99999 -99999 -99999          
157.0000 1853.4872 -99999 -99999 -99999 -99999 -99999          
158.0000 1848.4858 0.9038 0.8984 0.8577 0.9063 0.9051
159.0000 1843.4842 -99999 -99999 -99999 -99999 -99999          
160.0000 1838.4824 -99999 -99999 -99999 -99999 -99999          
161.0000 1833.4804 -99999 -99999 -99999 -99999 -99999          
162.0000 1828.4782 1.1253 1.1134 1.0839 1.1113 1.1135
163.0000 1823.4757 -99999 -99999 -99999 -99999 -99999          
164.0000 1818.4731 -99999 1.2338 -99999 1.2396 -99999  
165.0000 1813.4703 1.1263 1.1399 1.0975 1.0957 1.1493
166.0000 1808.4673 1.1748 1.1439 1.1185 1.1538 1.1623
167.0000 1803.4641 1.1552 1.1442 1.1123 1.1316 1.1554
168.0000 1798.4607 1.1852 1.1810 1.1244 1.1683 1.1688
169.0000 1793.4571 1.1234 1.1143 1.0765 1.1074 1.1190
170.0000 1788.4533 1.1520 1.1274 1.0993 1.1099 1.1717
171.0000 1783.4493 1.1201 1.1295 1.0984 1.1439 1.1682
172.0000 1778.4451 1.1417 1.1431 1.0896 1.1059 1.1296
173.0000 1773.4407 1.1842 1.1428 1.1153 1.1213 1.1148
174.0000 1768.4361 1.1474 1.1573 1.1226 1.1465 1.1272
175.0000 1763.4314 1.2020 1.2041 1.1560 1.1782 1.1984
176.0000 1758.4264 1.1712 1.1682 1.1322 1.1525 1.1660
177.0000 1753.4213 1.1153 1.0956 1.0718 1.0955 1.1044
178.0000 1748.4160 1.0916 1.0776 1.0434 1.0926 1.0830
179.0000 1743.4105 1.0820 1.0708 1.0364 1.0494 1.0834
180.0000 1738.4048 1.0629 1.0742 1.0273 1.0447 1.0526
181.0000 1733.3989 1.1018 1.0950 1.0560 1.0911 1.0830
182.0000 1728.3929 1.1127 1.1122 1.0805 1.1031 1.1140
183.0000 1723.3867 1.1554 1.1422 1.1036 1.1402 1.1573
184.0000 1718.3803 1.1309 1.1394 1.0928 1.1152 1.1427
185.0000 1713.3737 1.1464 1.1274 1.0976 1.1125 1.1382
186.0000 1708.3669 1.1375 1.1157 1.0687 1.1095 1.1336
187.0000 1703.3600 1.1247 1.1032 1.0826 1.1097 1.1202
188.0000 1698.3529 1.1474 1.1580 1.1082 1.1177 1.1413
189.0000 1693.3456 1.1620 1.1285 1.1037 1.1200 1.1492
190.0000 1688.3381 1.1373 1.1467 1.0991 1.1237 1.1609
191.0000 1683.3305 1.1349 1.1290 1.0856 1.1151 1.1233
192.0000 1678.3227 1.1283 1.1447 1.0967 1.1276 1.1406
193.0000 1673.3147 1.1503 1.1330 1.1041 1.1151 1.1217
194.0000 1668.3066 1.1943 1.1822 1.1445 1.1728 1.1931
195.0000 1663.2983 1.1672 1.1838 1.1453 1.1773 1.2059
196.0000 1658.2898 1.1552 1.1426 1.1090 1.1579 1.1672
197.0000 1653.2812 1.0990 1.0863 1.0554 1.0877 1.1102
198.0000 1648.2724 1.0815 1.0682 1.0383 1.0919 1.0935
199.0000 1643.2634 1.0774 1.0709 1.0373 1.0555 1.0984
200.0000 1638.2543 1.0884 1.0849 1.0430 1.0593 1.0694
201.0000 1633.2450 1.1120 1.1071 1.0680 1.0909 1.1086
202.0000 1628.2356 1.1316 1.1335 1.0891 1.1340 1.1476
203.0000 1623.2260 1.1575 1.1440 1.1081 1.1278 1.1513
204.0000 1618.2162 1.1407 1.1294 1.0985 1.1259 1.1282
205.0000 1613.2063 1.1372 1.1203 1.0769 1.1120 1.1195
206.0000 1608.1962 1.1349 1.1323 1.0741 1.0977 1.1239
207.0000 1603.1859 1.1501 1.1389 1.0874 1.1260 1.1735
208.0000 1598.1755 1.1568 1.1474 1.0899 1.1290 1.1498
209.0000 1593.1650 1.1245 1.1174 1.0855 1.1252 1.1328
210.0000 1588.1543 1.1244 1.1162 1.0739 1.1175 1.1530
211.0000 1583.1434 1.1403 1.1274 1.0883 1.1312 1.1262
212.0000 1578.1324 1.1446 1.1473 1.0889 1.1316 1.1317
213.0000 1573.1213 1.1714 1.1530 1.1165 1.1341 1.1415
214.0000 1568.1099 1.1797 1.1561 1.1437 1.1748 1.1715
215.0000 1563.0985 1.1813 1.1855 1.1217 1.1515 1.1852
216.0000 1558.0869 1.1594 1.1644 1.1170 1.1602 1.1708
217.0000 1553.0751 1.0983 1.1088 1.0585 1.1087 1.1191
218.0000 1548.0632 1.0606 1.0593 1.0422 1.0866 1.0999
219.0000 1543.0511 1.0759 1.0533 1.0389 1.0384 1.0966
220.0000 1538.0389 1.0760 1.0951 1.0551 1.0669 1.0593
221.0000 1533.0266 1.1146 1.0842 1.0747 1.0931 1.0789
222.0000 1528.0141 1.1310 1.1222 1.0893 1.1283 1.1585
223.0000 1523.0015 1.1376 1.1445 1.1000 1.1155 1.1213
224.0000 1517.9887 1.1456 1.1186 1.1048 1.1260 1.1521
225.0000 1512.9757 1.1343 1.1348 1.1027 1.1390 1.1328
226.0000 1507.9627 1.1190 1.1088 1.0752 1.1108 1.0980
227.0000 1502.9495 1.1447 1.1418 1.0962 1.1268 1.1329
228.0000 1497.9361 1.1576 1.1448 1.1120 1.1462 1.1512
229.0000 1492.9226 1.1512 1.1434 1.1089 1.1340 1.1560
230.0000 1487.9090 1.1275 1.1194 1.0978 1.1420 1.1867
231.0000 1482.8952 1.1301 1.1178 1.0845 1.1415 1.1313
232.0000 1477.8813 1.1547 1.1360 1.1109 1.1446 1.1345
233.0000 1472.8673 1.1563 1.1384 1.1117 1.1519 1.1249
234.0000 1467.8531 1.1906 1.1993 1.1571 1.1810 1.1677
235.0000 1462.8388 1.1797 1.1760 1.1438 1.1726 1.1831
236.0000 1457.8243 1.1750 1.1598 1.1224 1.1640 1.1693
237.0000 1452.8097 1.1197 1.0931 1.0779 1.1232 1.1229
238.0000 1447.7950 1.0960 1.1142 1.0660 1.1018 1.1207
239.0000 1442.7801 1.0913 1.0901 1.0479 1.0793 1.1300
240.0000 1437.7651 1.0677 1.0637 1.0227 1.0340 1.0679
241.0000 1432.7500 1.0908 1.0695 1.0490 1.0889 1.0522
242.0000 1427.7347 1.1365 1.1419 1.0983 1.1394 1.1383
243.0000 1422.7194 1.1369 1.1311 1.0894 1.1188 1.1496
244.0000 1417.7038 1.1130 1.1077 1.0729 1.0968 1.1261
245.0000 1412.6882 1.1284 1.0980 1.0598 1.0857 1.0989
246.0000 1407.6724 1.1146 1.0911 1.0478 1.0712 1.0856
247.0000 1402.6565 1.1553 1.1281 1.0924 1.1198 1.1589
248.0000 1397.6404 1.1906 1.1889 1.1290 1.1432 1.1919
249.0000 1392.6242 1.1885 1.1898 1.1462 1.1497 1.1933
250.0000 1387.6079 1.1017 1.0983 1.0717 1.1078 1.1215
251.0000 1382.5915 1.0963 1.1019 1.0738 1.1121 1.1471
252.0000 1377.5749 -99999 -99999 -99999 -99999 -99999          
253.0000 1372.5583 1.1148 1.1186 1.0801 1.0960 1.1005
254.0000 1367.5414 1.1929 1.1848 1.1524 1.1908 1.1808
255.0000 1362.5245 1.1522 1.1433 1.1269 1.1386 1.1511
256.0000 1357.5074 -99999 -99999 -99999 -99999 -99999           
257.0000 1352.4902 1.1692 1.1684 1.1380 1.1721 1.1919
258.0000 1347.4729 1.0691 1.0813 1.0417 1.0969 1.0848
259.0000 1342.4555 1.0831 1.0921 1.0569 1.0982 1.0891
260.0000 1337.4379 1.0620 1.0617 1.0468 1.0769 1.0883
261.0000 1332.4202 1.0764 1.0884 1.0312 1.0558 1.0500
262.0000 1327.4024 1.0918 1.0900 1.0471 1.0743 1.0337
263.0000 1322.3845 1.1347 1.1211 1.0649 1.1022 1.1290
264.0000 1317.3664 1.1585 1.1408 1.0921 1.1244 1.1260
265.0000 1312.3483 1.1366 1.1321 1.1081 1.1366 1.1650
266.0000 1307.3300 1.2665 1.3244 1.2758 -99999 1.2502
267.0000 1302.3116 1.7281 1.8399 1.7943 -99999 -99999    
268.0000 1297.2930 1.0813 1.0860 -99999 -99999 1.4684
269.0000 1292.2744 1.0689 1.0839 1.0501 1.0648 1.1197
270.0000 1287.2556 1.1630 1.1876 1.1676 1.1476 1.1478
271.0000 1282.2367 1.1790 1.1827 1.1578 1.1896 1.2346
272.0000 1277.2177 1.1561 1.1973 1.1459 1.1686 1.2326
273.0000 1272.1986 1.1298 1.1255 1.1064 1.1222 1.0901
274.0000 1267.1794 1.1291 1.1249 1.0915 1.1290 1.1354
275.0000 1262.1600 1.1563 1.1611 1.1291 1.1551 1.1349
276.0000 1257.1405 1.1720 1.1694 1.1549 1.1692 1.1634
277.0000 1252.1210 1.1829 1.1828 1.1390 1.1717 1.1909
278.0000 1247.1013 1.1555 1.1600 1.1344 1.1624 1.1693
279.0000 1242.0814 1.1001 1.1087 1.0758 1.1143 1.0999
280.0000 1237.0615 1.0825 1.1075 1.0599 1.1140 1.0985
281.0000 1232.0415 1.0582 1.0698 1.0488 1.0685 1.1004
282.0000 1227.0214 1.0652 1.0705 1.0326 1.0477 1.0465
283.0000 1222.0011 1.0848 1.0934 1.0646 1.0690 1.0574
284.0000 1216.9807 1.1100 1.1211 1.0907 1.1131 1.1281
285.0000 1211.9603 1.1346 1.1554 1.1005 1.1326 1.1383
286.0000 1206.9397 1.1386 1.1369 1.1189 1.1393 1.1352
287.0000 1201.9190 1.1312 1.1426 1.1128 1.1336 1.1477
288.0000 1196.8982 1.1159 1.1469 1.1205 1.1400 1.1281
289.0000 1191.8773 1.1002 1.1352 1.0971 1.1211 1.1237
290.0000 1186.8563 1.1439 1.1433 1.1235 1.1437 1.1280
291.0000 1181.8352 1.1391 1.1431 1.1099 1.1427 1.1360
292.0000 1176.8140 1.1236 1.1525 1.1158 1.1307 1.1357
293.0000 1171.7927 1.1248 1.1268 1.0909 1.1308 1.1618
294.0000 1166.7713 1.1242 1.1273 1.1093 1.1366 1.1061
295.0000 1161.7497 1.1326 1.1308 1.1088 1.1535 1.1097
296.0000 1156.7281 1.1357 1.1576 1.1375 1.1413 1.1147
297.0000 1151.7064 1.1485 1.1627 1.1277 1.1572 1.1212
298.0000 1146.6846 1.1748 1.1882 1.1604 1.1786 1.1700
299.0000 1141.6627 1.1724 1.1787 1.1360 1.1984 1.1796
300.0000 1136.6407 -99999 1.1308 1.0991 1.1325 1.1201
301.0000 1131.6186 1.0717 1.0890 1.0641 1.1029 1.1235
302.0000 1126.5964 1.0655 1.0721 1.0607 1.0969 1.0540
303.0000 1121.5741 1.1313 1.1365 1.0989 1.1463 1.0915
304.0000 1116.5517 1.1520 1.1656 1.1322 1.1598 1.1475
305.0000 1111.5293 1.1585 1.1807 1.1514 1.1838 1.1579
306.0000 1106.5067 1.1409 1.1689 1.1320 1.1735 1.1448
307.0000 1101.4841 1.1376 1.1457 1.1192 1.1585 1.1430
308.0000 1096.4613 1.1346 1.1542 1.1330 1.1591 1.1246
309.0000 1091.4385 1.1516 1.1577 1.1303 1.1535 1.1444
310.0000 1086.4156 1.1558 1.1826 1.1431 1.1794 1.1590
311.0000 1081.3926 1.1334 1.1528 1.1341 1.1792 1.1658
312.0000 1076.3696 1.1536 1.1748 1.1320 1.1753 1.1666
313.0000 1071.3464 1.1402 1.1521 1.1272 1.1614 1.1536
314.0000 1066.3232 1.1395 1.1319 1.1140 1.1512 1.1400
315.0000 1061.2999 1.1642 1.1801 1.1594 1.1886 1.1656
316.0000 1056.2766 1.1761 1.1980 1.1668 1.2033 1.1799
317.0000 1051.2531 1.1914 1.1972 1.1795 1.2064 1.2080
318.0000 1046.2296 1.1782 1.2023 1.1827 1.2248 1.2096
319.0000 1041.2060 1.1556 1.1848 1.1610 1.2100 1.1832
320.0000 1036.1824 1.1105 1.1316 1.1168 1.1287 1.1441
321.0000 1031.1586 1.0758 1.1080 1.0828 1.0956 1.1160
322.0000 1026.1349 1.0830 1.1058 1.0789 1.1240 1.1443
323.0000 1021.1110 1.0898 1.0955 1.0765 1.1075 1.1261
324.0000 1016.0871 1.1149 1.1163 1.0969 1.1250 1.0598
325.0000 1011.0632 1.1498 1.1697 1.1161 1.1552 1.1247
326.0000 1006.0391 1.1648 1.1800 1.1478 1.1880 1.1711
327.0000 1001.0151 1.1571 1.1823 1.1570 1.1767 1.1819
328.0000 995.9909 1.1467 1.1573 1.1323 1.1709 1.1748
329.0000 990.9668 1.1336 1.1666 1.1280 1.1655 1.1506
330.0000 985.9425 1.1477 1.1647 1.1251 1.1799 1.1548
331.0000 980.9183 1.1607 1.1843 1.1539 1.2032 1.1790
332.0000 975.8940 1.1614 1.1858 1.1464 1.1808 1.1849
333.0000 970.8696 1.1615 1.1859 1.1561 1.1944 1.1606
334.0000 965.8452 1.1318 1.1631 1.1348 1.1744 1.1659
335.0000 960.8208 1.1317 1.1519 1.1361 1.1559 1.1563
336.0000 955.7963 1.1413 1.1561 1.1388 1.1667 1.1566
337.0000 950.7718 1.1541 1.1865 1.1644 1.1818 1.1737
338.0000 945.7473 1.1850 1.1949 1.1621 1.2127 1.1934
339.0000 940.7228 1.1967 1.2082 1.1811 1.2290 1.2169
340.0000 935.6982 1.1839 1.2229 1.1986 1.2331 1.2193
341.0000 930.6736 1.1649 1.1918 1.1768 1.2375 1.1856
342.0000 925.6490 1.1068 1.1309 1.1207 1.1149 1.1338
343.0000 920.6244 1.0913 1.1187 1.0950 1.1017 1.1097
344.0000 915.5998 1.0772 1.1109 1.0774 1.1232 1.1164
345.0000 910.5752 1.0801 1.1056 1.0663 1.0972 1.1060
346.0000 905.5505 1.1012 1.1318 1.0994 1.1302 1.0616
347.0000 900.5259 1.1387 1.1599 1.1215 1.1577 1.1162
348.0000 895.5013 1.1549 1.1809 1.1558 1.1935 1.1683
349.0000 890.4766 1.1334 1.1795 1.1641 1.1840 1.1565
350.0000 885.4520 1.1378 1.1669 1.1554 1.1963 1.1595
351.0000 880.4274 1.1260 1.1654 1.1448 1.1858 1.1606
352.0000 875.4028 1.1316 1.1682 1.1475 1.1787 1.1458
353.0000 870.3783 1.1526 1.1756 1.1642 1.1830 1.1528
354.0000 865.3538 1.1565 1.1925 1.1709 1.2061 1.1746
355.0000 860.3293 1.1412 1.1668 1.1697 1.1911 1.1639
356.0000 855.3048 1.1381 1.1899 1.1586 1.1849 1.1563
357.0000 850.2804 1.1295 1.1585 1.1524 1.1639 1.1402
358.0000 845.2560 1.1429 1.1766 1.1539 1.1833 1.1456
359.0000 840.2316 1.1394 1.1750 1.1646 1.1843 1.1454
360.0000 835.2073 1.1820 1.2179 1.1921 1.2088 1.1817
361.0000 830.1831 1.1781 1.2153 1.2077 1.2348 1.2036
362.0000 825.1589 1.1823 1.2046 1.1991 1.2267 1.1972
363.0000 820.1348 1.1604 1.2114 1.1854 1.2530 1.1745
364.0000 815.1108 1.1035 1.1428 1.1300 1.1330 1.1384
365.0000 810.0868 1.0916 1.1300 1.1187 1.1114 1.1136
366.0000 805.0629 1.0740 1.1089 1.0744 1.1198 1.1070
367.0000 800.0391 1.0710 1.1034 1.0989 1.0949 1.0950
368.0000 795.0154 1.0897 1.1287 1.1014 1.1203 1.0416
369.0000 789.9918 1.1259 1.1419 1.1272 1.1518 1.1140
370.0000 784.9682 1.1449 1.1733 1.1673 1.1938 1.1577
371.0000 779.9448 1.1411 1.1859 1.1751 1.1991 1.1622
372.0000 774.9215 1.1243 1.1649 1.1640 1.1879 1.1583
373.0000 769.8983 1.1334 1.1752 1.1494 1.1840 1.1503
374.0000 764.8753 1.1230 1.1646 1.1678 1.1737 1.1367
375.0000 759.8523 1.1341 1.1679 1.1589 1.1812 1.1419
376.0000 754.8295 1.1538 1.1835 1.1814 1.2005 1.1672
377.0000 749.8069 1.1410 1.1826 1.1816 1.2002 1.1445
378.0000 744.7844 1.1303 1.1788 1.1515 1.1784 1.1412
379.0000 739.7620 1.1285 1.1681 1.1601 1.1641 1.1259
380.0000 734.7398 1.1388 1.1609 1.1620 1.1881 1.1125
381.0000 729.7178 1.1345 1.1828 1.1773 1.1903 1.1333
382.0000 724.6960 1.1570 1.2046 1.1765 1.1995 1.1585
383.0000 719.6743 1.1579 1.2059 1.2003 1.2200 1.1756
384.0000 714.6528 1.1811 1.2270 1.2073 1.2363 1.1873
385.0000 709.6315 1.1509 1.2008 1.2028 1.2487 1.1707
386.0000 704.6104 1.1002 1.1653 1.1532 1.1689 1.1159
387.0000 699.5895 1.0777 1.1292 1.1227 1.1093 1.0772
388.0000 694.5689 1.0464 1.0770 1.0895 1.0954 1.0680
389.0000 689.5484 1.0467 1.0718 1.0675 1.0683 1.0721
390.0000 684.5282 1.0754 1.1194 1.0960 1.1003 1.0472
391.0000 679.5083 1.1210 1.1799 1.1220 1.1507 1.0953
392.0000 674.4885 1.2546 1.3081 1.2592 1.2605 1.1746
393.0000 669.4691 1.2996 1.3762 1.4104 1.4115 1.2915
394.0000 664.4499 1.1032 1.1554 1.1671 1.2316 1.2136
395.0000 659.4310 1.1368 1.1772 1.1658 1.1562 1.1075
396.0000 654.4123 1.1370 1.2002 1.1979 1.2271 1.1587
397.0000 649.3940 1.1551 1.2093 1.2149 1.2225 1.1372
398.0000 644.3759 1.1617 1.2170 1.2230 1.2346 1.1627
399.0000 639.3582 1.1485 1.1745 1.1839 1.1962 1.1516
400.0000 634.3408 1.1034 -99999 -99999 -99999 -99999        
401.0000 629.3237 1.1164 1.1630 1.1632 1.1620 1.1543
402.0000 624.3069 1.1204 1.1794 1.1743 1.1692 1.1087
403.0000 619.2905 1.1247 1.1450 1.1589 1.1641 1.0909
404.0000 614.2745 1.1421 1.1572 1.1694 1.1966 1.1288
405.0000 609.2588 1.1561 1.1973 1.1845 1.2049 1.1468
406.0000 604.2435 1.1570 1.2262 1.1946 1.2143 1.1630
407.0000 599.2285 1.1260 1.2025 1.2059 1.2449 1.1673
408.0000 594.2140 1.1185 1.1458 1.1748 1.2055 1.1336
409.0000 589.1999 1.0675 1.1289 1.1012 1.0973 1.0913
410.0000 584.1862 1.0493 1.1023 1.0837 1.1082 1.0758
411.0000 579.1729 1.0350 1.0908 1.0880 1.0847 1.0662
412.0000 574.1601 1.0311 1.0908 1.0938 1.0782 1.0293
413.0000 569.1477 1.0627 1.1135 1.1212 1.1157 1.0383
414.0000 564.1358 1.0957 1.1396 1.1065 1.1438 1.0570
415.0000 559.1244 1.1160 1.1501 1.1425 1.1600 1.1132
416.0000 554.1134 1.1230 1.1678 1.1783 1.1783 1.1206
417.0000 549.1030 1.1026 1.1455 1.1547 1.1626 1.1388
418.0000 544.0930 1.0952 1.1490 1.1378 1.1500 1.0981
419.0000 539.0836 1.1018 1.1366 1.1463 1.1510 1.0892
420.0000 534.0747 1.1063 1.1381 1.1558 1.1367 1.1126
421.0000 529.0664 1.1160 1.1647 1.1613 1.1698 1.1259
422.0000 524.0586 1.1010 1.1450 1.1431 1.1574 1.1105
423.0000 519.0515 1.0868 1.1459 1.1344 1.1914 1.1066
424.0000 514.0449 1.0939 1.1713 1.1355 1.1793 1.1032
425.0000 509.0389 1.0905 1.1496 1.1431 1.0728 1.0533
426.0000 504.0335 1.1131 1.0850 1.1447 1.1201 1.0891
427.0000 499.0287 1.1159 1.1445 1.1419 1.1553 1.1179
428.0000 494.0246 1.1402 1.1720 1.1601 1.1778 1.1362
429.0000 489.0211 1.1311 1.1606 1.1859 1.1732 1.1358
430.0000 484.0184 1.1108 1.1607 1.1578 1.1947 1.1357
431.0000 479.0163 1.0764 1.1210 1.1092 1.1145 1.0804
432.0000 474.0149 1.0343 1.0695 1.0684 1.0556 1.0333
433.0000 469.0142 1.0346 1.0822 1.0697 1.0875 1.0550
434.0000 464.0143 1.0254 1.0431 1.0514 1.0134 1.0250
435.0000 459.0151 1.0338 1.0445 1.0626 1.0271 0.9971
436.0000 454.0167 1.0689 1.0903 1.1010 1.0754 1.0266
437.0000 449.0190 1.0839 1.0992 1.1025 1.0704 1.0557
438.0000 444.0222 -99999 -99999 -99999 1.2236 1.1827
439.0000 439.0261 -99999 -99999 -99999 -99999 -99999     
440.0000 434.0309 -99999 -99999 -99999 -99999 -99999     
441.0000 429.0366 -99999 -99999 -99999 -99999 -99999     
442.0000 424.0431 -99999 -99999 -99999 -99999 -99999     
443.0000 419.0505 -99999 -99999 -99999 -99999 -99999     
444.0000 414.0587 -99999 -99999 -99999 -99999 -99999     
445.0000 409.0679 -99999 -99999 -99999 -99999 -99999     
446.0000 404.0781 -99999 -99999 -99999 -99999 -99999     
447.0000 399.0892 -99999 -99999 -99999 -99999 -99999     
448.0000 394.1012 -99999 -99999 -99999 -99999 -99999     
449.0000 389.1143 -99999 -99999 -99999 -99999 -99999     
450.0000 384.1283 -99999 -99999 -99999 -99999 -99999     
451.0000 379.1434 -99999 -99999 -99999 -99999 -99999     
452.0000 374.1595 -99999 -99999 -99999 -99999 -99999     
453.0000 369.1768 -99999 -99999 -99999 -99999 -99999     
454.0000 364.1950 -99999 -99999 -99999 -99999 -99999     
455.0000 359.2144 -99999 -99999 -99999 -99999 -99999     
456.0000 354.2350 -99999 -99999 -99999 -99999 -99999     
457.0000 349.2566 -99999 -99999 -99999 -99999 -99999     
458.0000 344.2795 -99999 -99999 -99999 -99999 -99999     
459.0000 339.3035 -99999 -99999 -99999 -99999 -99999     
460.0000 334.3288 -99999 -99999 -99999 -99999 -99999     
461.0000 329.3553 -99999 -99999 -99999 -99999 -99999     
462.0000 324.3830 -99999 -99999 -99999 -99999 -99999     
463.0000 319.4120 -99999 -99999 -99999 -99999 -99999     
464.0000 314.4424 -99999 -99999 -99999 -99999 -99999     
465.0000 309.4740 -99999 -99999 -99999 -99999 -99999     
466.0000 304.5070 -99999 -99999 -99999 -99999 -99999     
467.0000 299.5414 -99999 -99999 -99999 -99999 -99999     
468.0000 294.5771 -99999 -99999 -99999 -99999 -99999     
469.0000 289.6143 -99999 -99999 -99999 -99999 -99999     
470.0000 284.6530 -99999 -99999 -99999 -99999 -99999     
471.0000 279.6931 -99999 -99999 -99999 -99999 -99999     
472.0000 274.7347 -99999 -99999 -99999 -99999 -99999     
473.0000 269.7778 -99999 -99999 -99999 -99999 -99999     
474.0000 264.8224 -99999 -99999 -99999 -99999 -99999     
475.0000 259.8687 -99999 -99999 -99999 -99999 -99999     
476.0000 254.9165 -99999 -99999 -99999 -99999 -99999     
477.0000 249.9659 -99999 -99999 -99999 -99999 -99999     
478.0000 245.0170 -99999 -99999 -99999 -99999 -99999     
479.0000 240.0698 -99999 -99999 -99999 -99999 -99999     
