350.0000 4.97121
400.0000 4.98195
450.0000 4.99078
500.0000 4.99795
550.0000 5.00370
600.0000 5.00821
650.0000 5.01167
700.0000 5.01423
750.0000 5.01603
800.0000 5.01721
850.0000 5.01786
900.0000 5.01808
950.0000 5.01796
1000.000 5.01756
1050.000 5.01695
1100.000 5.01616
1150.000 5.01525
1200.000 5.01423
1250.000 5.01314
1300.000 5.01198
1350.000 5.01077
1400.000 5.00950
1450.000 5.00819
1500.000 5.00681
1550.000 5.00538
1600.000 5.00387
1650.000 5.00227
1700.000 5.00058
1750.000 4.99879
1800.000 4.99689
1850.000 4.99487
1900.000 4.99272
1950.000 4.99046
2000.000 4.98808
2050.000 4.98560
2100.000 4.98303
2150.000 4.98041
2200.000 4.97776
2250.000 4.97514
2300.000 4.97260
2350.000 4.97020
2400.000 4.96802
2450.000 4.96615
2500.000 4.96471
