0.000000000000000000e+00 2.650000000000000133e-01 8.172616870000025749e-03
1.000000000000000000e+00 2.724296516999999973e-01 8.172616870000025749e-03
2.000000000000000000e+00 2.798593033999999813e-01 8.172616870000025749e-03
3.000000000000000000e+00 2.872889551000000208e-01 8.172616870000025749e-03
4.000000000000000000e+00 2.947186067999999493e-01 8.172616870000025749e-03
5.000000000000000000e+00 3.021482584999999887e-01 8.172616870000025749e-03
6.000000000000000000e+00 3.095779102000000282e-01 8.172616870000025749e-03
7.000000000000000000e+00 3.170075619000000122e-01 8.172616870000025749e-03
8.000000000000000000e+00 3.244372135999999962e-01 8.172616870000025749e-03
9.000000000000000000e+00 3.318668652999999802e-01 8.172616870000025749e-03
1.000000000000000000e+01 3.392965170000000197e-01 8.172616870000025749e-03
1.100000000000000000e+01 3.467261687000000037e-01 8.172616870000025749e-03
1.200000000000000000e+01 3.541558203999999876e-01 8.172616870000025749e-03
1.300000000000000000e+01 3.615854721000000271e-01 8.172616870000025749e-03
1.400000000000000000e+01 3.690151237999999556e-01 8.172616870000025749e-03
1.500000000000000000e+01 3.764447754999999951e-01 8.172616870000025749e-03
1.600000000000000000e+01 3.838744272000000346e-01 8.172616870000025749e-03
1.700000000000000000e+01 3.913040788999999631e-01 8.172616870000025749e-03
1.800000000000000000e+01 3.987337306000000026e-01 8.172616870000025749e-03
1.900000000000000000e+01 4.061633822999999865e-01 8.172616870000025749e-03
2.000000000000000000e+01 4.135930339999999705e-01 8.172616870000025749e-03
2.100000000000000000e+01 4.210226857000000100e-01 8.172616870000025749e-03
2.200000000000000000e+01 4.284523374000000495e-01 8.172616870000025749e-03
2.300000000000000000e+01 4.358819890999999780e-01 8.172616870000025749e-03
2.400000000000000000e+01 4.433116407999999620e-01 8.172616870000025749e-03
2.500000000000000000e+01 4.507412925000000015e-01 8.172616870000025749e-03
2.600000000000000000e+01 4.581709441999999854e-01 8.172616870000025749e-03
2.700000000000000000e+01 4.656005959000000249e-01 8.172616870000025749e-03
2.800000000000000000e+01 4.730302476000000089e-01 8.172616870000025749e-03
2.900000000000000000e+01 4.804598992999999374e-01 8.172616870000025749e-03
3.000000000000000000e+01 4.878895509999999769e-01 8.172616870000025749e-03
3.100000000000000000e+01 4.953192027000000164e-01 8.172616870000025749e-03
3.200000000000000000e+01 5.027488544000000559e-01 8.172616870000025749e-03
3.300000000000000000e+01 5.101785061000000399e-01 8.172616870000025749e-03
3.400000000000000000e+01 5.176081577999999128e-01 8.172616870000025749e-03
3.500000000000000000e+01 5.250378095000000078e-01 8.172616870000025749e-03
3.600000000000000000e+01 5.324674611999999918e-01 8.172616870000025749e-03
3.700000000000000000e+01 5.398971128999999758e-01 8.172616870000025749e-03
3.800000000000000000e+01 5.473267645999999598e-01 8.172616870000025749e-03
3.900000000000000000e+01 5.547564162999999438e-01 8.172616870000025749e-03
4.000000000000000000e+01 5.621860679999999277e-01 8.172616870000025749e-03
4.100000000000000000e+01 5.696157197000000227e-01 8.172616870000025749e-03
4.200000000000000000e+01 5.770453714000000067e-01 8.172616870000025749e-03
4.300000000000000000e+01 5.844750230999999907e-01 8.172616870000025749e-03
4.400000000000000000e+01 5.919046748000000857e-01 8.172616870000025749e-03
4.500000000000000000e+01 5.993343264999999587e-01 8.172616870000025749e-03
4.600000000000000000e+01 6.067639781999999427e-01 8.172616870000025749e-03
4.700000000000000000e+01 6.141936299000000377e-01 8.172616870000025749e-03
4.800000000000000000e+01 6.216232815999999106e-01 8.172616870000025749e-03
4.900000000000000000e+01 6.290529332999998946e-01 8.172616870000025749e-03
5.000000000000000000e+01 6.364825849999999896e-01 8.172616870000025749e-03
5.100000000000000000e+01 6.439122366999999736e-01 8.172616870000025749e-03
5.200000000000000000e+01 6.513418884000000686e-01 8.172616870000025749e-03
5.300000000000000000e+01 6.587715401000000526e-01 8.172616870000025749e-03
5.400000000000000000e+01 6.662011918000000366e-01 8.172616870000025749e-03
5.500000000000000000e+01 6.736308435000001316e-01 8.172616870000025749e-03
5.600000000000000000e+01 6.810604952000000045e-01 8.172616870000025749e-03
5.700000000000000000e+01 6.884901468999999885e-01 8.172616870000025749e-03
5.800000000000000000e+01 6.959197985999999725e-01 8.172616870000025749e-03
5.900000000000000000e+01 7.033494502999999565e-01 8.172616870000025749e-03
6.000000000000000000e+01 7.107791019999999405e-01 8.172616870000025749e-03
6.100000000000000000e+01 7.182087537000000355e-01 8.172616870000025749e-03
6.200000000000000000e+01 7.256384054000000194e-01 8.172616870000025749e-03
6.300000000000000000e+01 7.330680571000000034e-01 8.172616870000025749e-03
6.400000000000000000e+01 7.404977088000000984e-01 8.172616870000025749e-03
6.500000000000000000e+01 7.479273605000000824e-01 8.172616870000025749e-03
6.600000000000000000e+01 7.553570121999999554e-01 8.172616870000025749e-03
6.700000000000000000e+01 7.627866639000000504e-01 8.172616870000025749e-03
6.800000000000000000e+01 7.702163155999999233e-01 8.172616870000025749e-03
6.900000000000000000e+01 7.776459673000000183e-01 8.172616870000025749e-03
7.000000000000000000e+01 7.850756190000000023e-01 8.172616870000025749e-03
7.100000000000000000e+01 7.925052706999999863e-01 8.172616870000025749e-03
7.200000000000000000e+01 7.999349223999999703e-01 8.172616870000025749e-03
7.300000000000000000e+01 8.073645741000000653e-01 8.172616870000025749e-03
7.400000000000000000e+01 8.147942258000000493e-01 8.172616870000025749e-03
7.500000000000000000e+01 8.222238774999999222e-01 8.172616870000025749e-03
7.600000000000000000e+01 8.296535292000000172e-01 8.172616870000025749e-03
7.700000000000000000e+01 8.370831809000000012e-01 8.172616870000025749e-03
7.800000000000000000e+01 8.445128325999999852e-01 8.172616870000025749e-03
7.900000000000000000e+01 8.519424843000000802e-01 8.172616870000025749e-03
8.000000000000000000e+01 8.593721359999999532e-01 8.172616870000025749e-03
8.100000000000000000e+01 8.668017876999999372e-01 8.172616870000025749e-03
8.200000000000000000e+01 8.742314394000000322e-01 8.172616870000025749e-03
8.300000000000000000e+01 8.816610911000000161e-01 8.172616870000025749e-03
8.400000000000000000e+01 8.890907428000000001e-01 8.172616870000025749e-03
8.500000000000000000e+01 8.965203944999999841e-01 8.172616870000025749e-03
8.600000000000000000e+01 9.039500461999999681e-01 8.172616870000025749e-03
8.700000000000000000e+01 9.113796978999999521e-01 8.172616870000025749e-03
8.800000000000000000e+01 9.188093496000000471e-01 8.172616870000025749e-03
8.900000000000000000e+01 9.262390013000000311e-01 8.172616870000025749e-03
9.000000000000000000e+01 9.336686529999999040e-01 8.172616870000025749e-03
9.100000000000000000e+01 9.410983046999999990e-01 8.172616870000025749e-03
9.200000000000000000e+01 9.485279563999999830e-01 8.172616870000025749e-03
9.300000000000000000e+01 9.559576080999999670e-01 8.172616870000025749e-03
9.400000000000000000e+01 9.633872598000000620e-01 8.172616870000025749e-03
9.500000000000000000e+01 9.708169114999999350e-01 8.172616870000025749e-03
9.600000000000000000e+01 9.782465631999999189e-01 8.172616870000025749e-03
9.700000000000000000e+01 9.856762149000000139e-01 8.172616870000025749e-03
9.800000000000000000e+01 9.931058665999999979e-01 8.172616870000025749e-03
9.900000000000000000e+01 1.000535518299999982e+00 8.172616870000025749e-03
1.000000000000000000e+02 1.007965169999999855e+00 8.172616870000025749e-03
1.010000000000000000e+02 1.015394821699999950e+00 8.172616870000025749e-03
1.020000000000000000e+02 1.022824473400000045e+00 8.172616870000025749e-03
1.030000000000000000e+02 1.030254125099999918e+00 8.172616870000025749e-03
1.040000000000000000e+02 1.037683776800000013e+00 8.172616870000025749e-03
1.050000000000000000e+02 1.045113428499999886e+00 8.172616870000025749e-03
1.060000000000000000e+02 1.052543080199999981e+00 8.172616870000025749e-03
1.070000000000000000e+02 1.059972731899999854e+00 8.172616870000025749e-03
1.080000000000000000e+02 1.067402383600000171e+00 8.172616870000025749e-03
1.090000000000000000e+02 1.074832035299999822e+00 8.172616870000025749e-03
1.100000000000000000e+02 1.082261687000000139e+00 8.172616870000025749e-03
1.110000000000000000e+02 1.089691338700000012e+00 8.172616870000025749e-03
1.120000000000000000e+02 1.097120990399999885e+00 8.172616870000025749e-03
1.130000000000000000e+02 1.104550642099999980e+00 8.172616870000025749e-03
1.140000000000000000e+02 1.111980293800000075e+00 8.172616870000025749e-03
1.150000000000000000e+02 1.119409945499999948e+00 8.172616870000025749e-03
1.160000000000000000e+02 1.126839597199999821e+00 8.172616870000025749e-03
1.170000000000000000e+02 1.134269248900000138e+00 8.172616870000025749e-03
1.180000000000000000e+02 1.141698900599999789e+00 8.172616870000025749e-03
1.190000000000000000e+02 1.149128552300000106e+00 8.172616870000025749e-03
1.200000000000000000e+02 1.156558203999999979e+00 8.172616870000025749e-03
1.210000000000000000e+02 1.163987855699999852e+00 8.172616870000025749e-03
1.220000000000000000e+02 1.171417507399999947e+00 8.172616870000025749e-03
1.230000000000000000e+02 1.178847159100000042e+00 8.172616870000025749e-03
1.240000000000000000e+02 1.186276810799999915e+00 8.172616870000025749e-03
1.250000000000000000e+02 1.193706462500000010e+00 8.172616870000025749e-03
1.260000000000000000e+02 1.201136114200000105e+00 8.172616870000025749e-03
1.270000000000000000e+02 1.208565765899999755e+00 8.172616870000025749e-03
1.280000000000000000e+02 1.215995417600000073e+00 8.172616870000025749e-03
1.290000000000000000e+02 1.223425069299999945e+00 8.172616870000025749e-03
1.300000000000000000e+02 1.230854721000000263e+00 8.172616870000025749e-03
1.310000000000000000e+02 1.238284372699999913e+00 8.172616870000025749e-03
1.320000000000000000e+02 1.245714024400000008e+00 8.172616870000025749e-03
1.330000000000000000e+02 1.253143676100000103e+00 8.172616870000025749e-03
1.340000000000000000e+02 1.260573327799999976e+00 8.172616870000025749e-03
1.350000000000000000e+02 1.268002979500000071e+00 8.172616870000025749e-03
1.360000000000000000e+02 1.275432631199999722e+00 8.172616870000025749e-03
1.370000000000000000e+02 1.282862282900000039e+00 8.172616870000025749e-03
1.380000000000000000e+02 1.290291934600000134e+00 8.172616870000025749e-03
1.390000000000000000e+02 1.297721586300000007e+00 8.172616870000025749e-03
1.400000000000000000e+02 1.305151237999999880e+00 8.172616870000025749e-03
1.410000000000000000e+02 1.312580889699999975e+00 8.172616870000025749e-03
1.420000000000000000e+02 1.320010541400000070e+00 8.172616870000025749e-03
1.430000000000000000e+02 1.327440193099999943e+00 8.172616870000025749e-03
1.440000000000000000e+02 1.334869844800000038e+00 8.172616870000025749e-03
1.450000000000000000e+02 1.342299496500000133e+00 8.172616870000025749e-03
1.460000000000000000e+02 1.349729148200000006e+00 8.172616870000025749e-03
1.470000000000000000e+02 1.357158799900000101e+00 8.172616870000025749e-03
1.480000000000000000e+02 1.364588451600000196e+00 8.172616870000025749e-03
1.490000000000000000e+02 1.372018103299999847e+00 8.172616870000025749e-03
1.500000000000000000e+02 1.379447754999999942e+00 8.172616870000025749e-03
1.510000000000000000e+02 1.386877406700000037e+00 8.172616870000025749e-03
1.520000000000000000e+02 1.394307058399999910e+00 8.172616870000025749e-03
1.530000000000000000e+02 1.401736710100000005e+00 8.172616870000025749e-03
1.540000000000000000e+02 1.409166361800000100e+00 8.172616870000025749e-03
1.550000000000000000e+02 1.416596013499999973e+00 8.172616870000025749e-03
1.560000000000000000e+02 1.424025665200000068e+00 8.172616870000025749e-03
1.570000000000000000e+02 1.431455316900000163e+00 8.172616870000025749e-03
1.580000000000000000e+02 1.438884968600000036e+00 8.172616870000025749e-03
1.590000000000000000e+02 1.446314620299999909e+00 8.172616870000025749e-03
1.600000000000000000e+02 1.453744272000000004e+00 8.172616870000025749e-03
1.610000000000000000e+02 1.461173923699999877e+00 8.172616870000025749e-03
1.620000000000000000e+02 1.468603575399999972e+00 8.172616870000025749e-03
1.630000000000000000e+02 1.476033227100000067e+00 8.172616870000025749e-03
1.640000000000000000e+02 1.483462878799999940e+00 8.172616870000025749e-03
1.650000000000000000e+02 1.490892530500000035e+00 8.172616870000025749e-03
1.660000000000000000e+02 1.498322182200000130e+00 8.172616870000025749e-03
1.670000000000000000e+02 1.505751833900000003e+00 8.172616870000025749e-03
1.680000000000000000e+02 1.513181485600000098e+00 8.172616870000025749e-03
1.690000000000000000e+02 1.520611137299999971e+00 8.172616870000025749e-03
1.700000000000000000e+02 1.528040788999999844e+00 8.172616870000025749e-03
1.710000000000000000e+02 1.535470440699999939e+00 8.172616870000025749e-03
1.720000000000000000e+02 1.542900092400000034e+00 8.172616870000025749e-03
1.730000000000000000e+02 1.550329744099999907e+00 8.172616870000025749e-03
1.740000000000000000e+02 1.557759395800000002e+00 8.172616870000025749e-03
1.750000000000000000e+02 1.565189047500000097e+00 8.172616870000025749e-03
1.760000000000000000e+02 1.572618699199999970e+00 8.172616870000025749e-03
1.770000000000000000e+02 1.580048350900000065e+00 8.172616870000025749e-03
1.780000000000000000e+02 1.587478002600000160e+00 8.172616870000025749e-03
1.790000000000000000e+02 1.594907654300000033e+00 8.172616870000025749e-03
1.800000000000000000e+02 1.602337305999999906e+00 8.172616870000025749e-03
1.810000000000000000e+02 1.609766957700000001e+00 8.172616870000025749e-03
1.820000000000000000e+02 1.617196609399999874e+00 8.172616870000025749e-03
1.830000000000000000e+02 1.624626261099999969e+00 8.172616870000025749e-03
1.840000000000000000e+02 1.632055912800000064e+00 8.172616870000025749e-03
1.850000000000000000e+02 1.639485564499999937e+00 8.172616870000025749e-03
1.860000000000000000e+02 1.646915216200000032e+00 8.172616870000025749e-03
1.870000000000000000e+02 1.654344867900000127e+00 8.172616870000025749e-03
1.880000000000000000e+02 1.661774519600000000e+00 8.172616870000025749e-03
1.890000000000000000e+02 1.669204171300000095e+00 8.172616870000025749e-03
1.900000000000000000e+02 1.676633822999999968e+00 8.172616870000025749e-03
1.910000000000000000e+02 1.684063474699999841e+00 8.172616870000025749e-03
1.920000000000000000e+02 1.691493126399999936e+00 8.172616870000025749e-03
1.930000000000000000e+02 1.698922778100000031e+00 8.172616870000025749e-03
1.940000000000000000e+02 1.706352429799999904e+00 8.172616870000025749e-03
1.950000000000000000e+02 1.713782081499999999e+00 8.172616870000025749e-03
1.960000000000000000e+02 1.721211733200000094e+00 8.172616870000025749e-03
1.970000000000000000e+02 1.728641384899999967e+00 8.172616870000025749e-03
1.980000000000000000e+02 1.736071036600000062e+00 8.172616870000025749e-03
1.990000000000000000e+02 1.743500688300000157e+00 8.172616870000025749e-03
2.000000000000000000e+02 1.750930339999999807e+00 8.172616870000025749e-03
2.010000000000000000e+02 1.758359991699999902e+00 8.172616870000025749e-03
2.020000000000000000e+02 1.765789643399999997e+00 8.172616870000025749e-03
2.030000000000000000e+02 1.773219295099999870e+00 8.172616870000025749e-03
2.040000000000000000e+02 1.780648946799999965e+00 8.172616870000025749e-03
2.050000000000000000e+02 1.788078598500000060e+00 8.172616870000025749e-03
2.060000000000000000e+02 1.795508250199999933e+00 8.172616870000025749e-03
2.070000000000000000e+02 1.802937901900000028e+00 8.172616870000025749e-03
2.080000000000000000e+02 1.810367553600000123e+00 8.172616870000025749e-03
2.090000000000000000e+02 1.817797205299999996e+00 8.172616870000025749e-03
2.100000000000000000e+02 1.825226856999999869e+00 8.172616870000025749e-03
2.110000000000000000e+02 1.832656508699999964e+00 8.172616870000025749e-03
2.120000000000000000e+02 1.840086160399999837e+00 8.172616870000025749e-03
2.130000000000000000e+02 1.847515812099999932e+00 8.172616870000025749e-03
2.140000000000000000e+02 1.854945463800000027e+00 8.172616870000025749e-03
2.150000000000000000e+02 1.862375115499999900e+00 8.172616870000025749e-03
2.160000000000000000e+02 1.869804767199999995e+00 8.172616870000025749e-03
2.170000000000000000e+02 1.877234418900000090e+00 8.172616870000025749e-03
2.180000000000000000e+02 1.884664070599999963e+00 8.172616870000025749e-03
2.190000000000000000e+02 1.892093722300000058e+00 8.172616870000025749e-03
2.200000000000000000e+02 1.899523374000000153e+00 8.172616870000025749e-03
2.210000000000000000e+02 1.906953025699999804e+00 8.172616870000025749e-03
2.220000000000000000e+02 1.914382677399999899e+00 8.172616870000025749e-03
2.230000000000000000e+02 1.921812329099999994e+00 8.172616870000025749e-03
2.240000000000000000e+02 1.929241980799999867e+00 8.172616870000025749e-03
2.250000000000000000e+02 1.936671632499999962e+00 8.172616870000025749e-03
2.260000000000000000e+02 1.944101284200000057e+00 8.172616870000025749e-03
2.270000000000000000e+02 1.951530935899999930e+00 8.172616870000025749e-03
2.280000000000000000e+02 1.958960587600000025e+00 8.172616870000025749e-03
2.290000000000000000e+02 1.966390239300000120e+00 8.172616870000025749e-03
2.300000000000000000e+02 1.973819890999999993e+00 8.172616870000025749e-03
2.310000000000000000e+02 1.981249542699999866e+00 8.172616870000025749e-03
2.320000000000000000e+02 1.988679194399999961e+00 8.172616870000025749e-03
2.330000000000000000e+02 1.996108846099999834e+00 8.172616870000025749e-03
2.340000000000000000e+02 2.003538497800000151e+00 8.172616870000025749e-03
2.350000000000000000e+02 2.010968149500000024e+00 8.172616870000025749e-03
2.360000000000000000e+02 2.018397801199999897e+00 8.172616870000025749e-03
2.370000000000000000e+02 2.025827452900000214e+00 8.172616870000025749e-03
2.380000000000000000e+02 2.033257104600000087e+00 8.172616870000025749e-03
2.390000000000000000e+02 2.040686756299999960e+00 8.172616870000025749e-03
2.400000000000000000e+02 2.048116407999999833e+00 8.172616870000025749e-03
2.410000000000000000e+02 2.055546059700000150e+00 8.172616870000025749e-03
2.420000000000000000e+02 2.062975711400000023e+00 8.172616870000025749e-03
2.430000000000000000e+02 2.070405363099999896e+00 8.172616870000025749e-03
2.440000000000000000e+02 2.077835014799999769e+00 8.172616870000025749e-03
2.450000000000000000e+02 2.085264666500000086e+00 8.172616870000025749e-03
2.460000000000000000e+02 2.092694318199999959e+00 8.172616870000025749e-03
2.470000000000000000e+02 2.100123969899999832e+00 8.172616870000025749e-03
2.480000000000000000e+02 2.107553621600000149e+00 8.172616870000025749e-03
2.490000000000000000e+02 2.114983273300000466e+00 8.172616870000025749e-03
2.500000000000000000e+02 2.122412924999999895e+00 8.172616870000025749e-03
2.510000000000000000e+02 2.129842576699999768e+00 8.172616870000025749e-03
2.520000000000000000e+02 2.137272228400000085e+00 8.172616870000025749e-03
2.530000000000000000e+02 2.144701880099999958e+00 8.172616870000025749e-03
2.540000000000000000e+02 2.152131531799999831e+00 8.172616870000025749e-03
2.550000000000000000e+02 2.159561183500000148e+00 8.172616870000025749e-03
2.560000000000000000e+02 2.166990835200000021e+00 8.172616870000025749e-03
2.570000000000000000e+02 2.174420486899999894e+00 8.172616870000025749e-03
2.580000000000000000e+02 2.181850138599999767e+00 8.172616870000025749e-03
2.590000000000000000e+02 2.189279790300000084e+00 8.172616870000025749e-03
2.600000000000000000e+02 2.196709442000000401e+00 8.172616870000025749e-03
2.610000000000000000e+02 2.204139093700000274e+00 8.172616870000025749e-03
2.620000000000000000e+02 2.211568745399999703e+00 8.172616870000025749e-03
2.630000000000000000e+02 2.218998397100000020e+00 8.172616870000025749e-03
2.640000000000000000e+02 2.226428048799999893e+00 8.172616870000025749e-03
2.650000000000000000e+02 2.233857700499999765e+00 8.172616870000025749e-03
2.660000000000000000e+02 2.241287352200000083e+00 8.172616870000025749e-03
2.670000000000000000e+02 2.248717003900000400e+00 8.172616870000025749e-03
2.680000000000000000e+02 2.256146655599999828e+00 8.172616870000025749e-03
2.690000000000000000e+02 2.263576307299999701e+00 8.172616870000025749e-03
2.700000000000000000e+02 2.271005959000000018e+00 8.172616870000025749e-03
2.710000000000000000e+02 2.278435610700000336e+00 8.172616870000025749e-03
2.720000000000000000e+02 2.285865262399999764e+00 8.172616870000025749e-03
2.730000000000000000e+02 2.293294914100000081e+00 8.172616870000025749e-03
2.740000000000000000e+02 2.300724565799999954e+00 8.172616870000025749e-03
2.750000000000000000e+02 2.308154217499999827e+00 8.172616870000025749e-03
2.760000000000000000e+02 2.315583869200000144e+00 8.172616870000025749e-03
2.770000000000000000e+02 2.323013520900000017e+00 8.172616870000025749e-03
2.780000000000000000e+02 2.330443172599999890e+00 8.172616870000025749e-03
2.790000000000000000e+02 2.337872824300000207e+00 8.172616870000025749e-03
2.800000000000000000e+02 2.345302475999999636e+00 8.172616870000025749e-03
2.810000000000000000e+02 2.352732127699999953e+00 8.172616870000025749e-03
2.820000000000000000e+02 2.360161779399999826e+00 8.172616870000025749e-03
2.830000000000000000e+02 2.367591431100000143e+00 8.172616870000025749e-03
2.840000000000000000e+02 2.375021082800000016e+00 8.172616870000025749e-03
2.850000000000000000e+02 2.382450734500000333e+00 8.172616870000025749e-03
2.860000000000000000e+02 2.389880386199999762e+00 8.172616870000025749e-03
2.870000000000000000e+02 2.397310037899999635e+00 8.172616870000025749e-03
2.880000000000000000e+02 2.404739689599999952e+00 8.172616870000025749e-03
2.890000000000000000e+02 2.412169341299999825e+00 8.172616870000025749e-03
2.900000000000000000e+02 2.419598993000000142e+00 8.172616870000025749e-03
2.910000000000000000e+02 2.427028644700000015e+00 8.172616870000025749e-03
2.920000000000000000e+02 2.434458296399999888e+00 8.172616870000025749e-03
2.930000000000000000e+02 2.441887948099999761e+00 8.172616870000025749e-03
2.940000000000000000e+02 2.449317599800000078e+00 8.172616870000025749e-03
2.950000000000000000e+02 2.456747251499999951e+00 8.172616870000025749e-03
2.960000000000000000e+02 2.464176903200000268e+00 8.172616870000025749e-03
2.970000000000000000e+02 2.471606554900000141e+00 8.172616870000025749e-03
2.980000000000000000e+02 2.479036206599999570e+00 8.172616870000025749e-03
2.990000000000000000e+02 2.486465858299999887e+00 8.172616870000025749e-03
3.000000000000000000e+02 2.493895509999999760e+00 8.172616870000025749e-03
3.010000000000000000e+02 2.501325161700000077e+00 8.172616870000025749e-03
3.020000000000000000e+02 2.508754813399999950e+00 8.172616870000025749e-03
3.030000000000000000e+02 2.516184465100000267e+00 8.172616870000025749e-03
3.040000000000000000e+02 2.523614116800000140e+00 8.172616870000025749e-03
3.050000000000000000e+02 2.531043768500000013e+00 8.172616870000025749e-03
3.060000000000000000e+02 2.538473420199999886e+00 8.172616870000025749e-03
3.070000000000000000e+02 2.545903071900000203e+00 8.172616870000025749e-03
3.080000000000000000e+02 2.553332723600000076e+00 8.172616870000025749e-03
3.090000000000000000e+02 2.560762375299999949e+00 8.172616870000025749e-03
3.100000000000000000e+02 2.568192027000000266e+00 8.172616870000025749e-03
3.110000000000000000e+02 2.575621678699999695e+00 8.172616870000025749e-03
3.120000000000000000e+02 2.583051330400000012e+00 8.172616870000025749e-03
3.130000000000000000e+02 2.590480982099999885e+00 8.172616870000025749e-03
3.140000000000000000e+02 2.597910633800000202e+00 8.172616870000025749e-03
3.150000000000000000e+02 2.605340285500000075e+00 8.172616870000025749e-03
3.160000000000000000e+02 2.612769937200000392e+00 8.172616870000025749e-03
3.170000000000000000e+02 2.620199588899999821e+00 8.172616870000025749e-03
3.180000000000000000e+02 2.627629240599999694e+00 8.172616870000025749e-03
3.190000000000000000e+02 2.635058892300000011e+00 8.172616870000025749e-03
3.200000000000000000e+02 2.642488543999999884e+00 8.172616870000025749e-03
3.210000000000000000e+02 2.649918195700000201e+00 8.172616870000025749e-03
3.220000000000000000e+02 2.657347847400000074e+00 8.172616870000025749e-03
3.230000000000000000e+02 2.664777499099999947e+00 8.172616870000025749e-03
3.240000000000000000e+02 2.672207150799999820e+00 8.172616870000025749e-03
3.250000000000000000e+02 2.679636802500000137e+00 8.172616870000025749e-03
3.260000000000000000e+02 2.687066454200000010e+00 8.172616870000025749e-03
3.270000000000000000e+02 2.694496105900000327e+00 8.172616870000025749e-03
