#"Spectral Irradiance Values for OL 200C S/N: S-1359.","[uW/(cm^2 nm)]",01/12/23,250,2500,0 
350   0.8942 1.35     
360   1.123  1.25
370   1.390  1.25
380   1.695  1.0
390   2.041  1.0
400   2.421  1.0
450   4.884  1.0
500   8.063  0.75
555   11.94  0.75
600   15.07  0.75
654.6 18.48  0.65
700   20.80  0.65
800   24.05  0.65
900   25.10  0.65
1050  23.73  0.65
1150  21.82  0.27
1200  20.74  0.265
1300  18.53  0.255
1540  13.59  0.24
1600  12.54  0.235
1700  10.93  0.24
2000  7.233  0.25
2100  6.317  0.25
2300  4.854  0.25
2400  4.252  0.555
2500  3.892  4.0
