# 99AA04-0715-2665 
250 0.9562  0.00265
251 0.9577  0.00265
252 0.9594  0.00265
253 0.9600  0.00265
254 0.9603  0.00265
255 0.9629  0.00265
256 0.9641  0.00245
257 0.9653  0.00245
258 0.9643  0.00245
259 0.9659  0.00245
260 0.9651  0.00245
261 0.9653  0.00245
262 0.9650  0.00245
263 0.9657  0.00245
264 0.9658  0.00245
265 0.9659  0.00245
266 0.9662  0.00245
267 0.9653  0.00245
268 0.9657  0.00245
269 0.9656  0.00245
270 0.9655  0.00245
271 0.9651  0.00245
272 0.9648  0.00245
273 0.9659  0.00245
274 0.9655  0.00265
275 0.9655  0.00265
276 0.9658  0.00265
277 0.9657  0.00265
278 0.9669  0.00265
279 0.9661  0.00265
280 0.9673  0.00245
281 0.9679  0.00245
282 0.9672  0.00245
283 0.9680  0.00245
284 0.9692  0.00245
285 0.9695  0.00245
286 0.9699  0.00245
287 0.9703  0.00245
288 0.9713  0.00245
289 0.9726  0.00245
290 0.9709  0.00245
291 0.9733  0.00245
292 0.9736  0.00245
293 0.9745  0.00245
294 0.9754  0.00245
295 0.9755  0.00245
296 0.9769  0.00245
297 0.9773  0.00245
298 0.9787  0.00265
299 0.9797  0.00265
300 0.9807  0.00265
301 0.9801  0.00265
302 0.9801  0.00265
303 0.9813  0.00265
304 0.9819  0.00245
305 0.9831  0.00245
306 0.9835  0.00245
307 0.9836  0.00245
308 0.9838  0.00245
309 0.9849  0.00245
310 0.9851  0.00245
311 0.9850  0.00245
312 0.9855  0.00245
313 0.9870  0.00245
314 0.9868  0.00245
315 0.9857  0.00245
316 0.9855  0.00245
317 0.9858  0.00245
318 0.9879  0.00245
319 0.9886  0.00245
320 0.9894  0.00245
321 0.9874  0.00245
322 0.9872  0.00265
323 0.9898  0.00265
324 0.9896  0.00265
325 0.9897  0.00265
326 0.9895  0.00265
327 0.9896  0.00265
328 0.9895  0.00245
329 0.9900  0.00245
330 0.9892  0.00245
331 0.9884  0.00245
332 0.9891  0.00245
333 0.9892  0.00245
334 0.9890  0.00245
335 0.9902  0.00245
336 0.9897  0.00245
337 0.9901  0.00245
338 0.9899  0.00245
339 0.9897  0.00245
340 0.9892  0.00245
341 0.9894  0.00245
342 0.9889  0.00245
343 0.9897  0.00245
344 0.9901  0.00245
345 0.9905  0.00245
346 0.9901  0.00265
347 0.9906  0.00265
348 0.9908  0.00265
349 0.9901  0.00265
350 0.9889  0.00265
351 0.9899  0.00265
352 0.9902  0.00245
353 0.9896  0.00245
354 0.9900  0.00245
355 0.9905  0.00245
356 0.9899  0.00245
357 0.9897  0.00245
358 0.9899  0.00245
359 0.9897  0.00245
360 0.9893  0.00245
361 0.9891  0.00245
362 0.9894  0.00245
363 0.9899  0.00245
364 0.9895  0.00245
365 0.9905  0.00245
366 0.9905  0.00245
367 0.9906  0.00245
368 0.9909  0.00245
369 0.9911  0.00245
370 0.9912  0.00265
371 0.9910  0.00265
372 0.9908  0.00265
373 0.9911  0.00265
374 0.9906  0.00265
375 0.9908  0.00265
376 0.9911  0.00245
377 0.9911  0.00245
378 0.9910  0.00245
379 0.9895  0.00245
380 0.9890  0.00245
381 0.9891  0.00245
382 0.9897  0.00245
383 0.9900  0.00245
384 0.9903  0.00245
385 0.9910  0.00245
386 0.9912  0.00245
387 0.9913  0.00245
388 0.9907  0.00245
389 0.9906  0.00245
390 0.9905  0.00245
391 0.9906  0.00245
392 0.9902  0.00245
393 0.9901  0.00245
394 0.9905  0.00265
395 0.9915  0.00265
396 0.9915  0.00265
397 0.9916  0.00265
398 0.9915  0.00265
399 0.9917  0.00265
400 0.9914  0.00245
401 0.9911  0.00245
402 0.9911  0.00245
403 0.9911  0.00245
404 0.9909  0.00245
405 0.9908  0.00245
406 0.9909  0.00245
407 0.9908  0.00245
408 0.9907  0.00245
409 0.9910  0.00245
410 0.9912  0.00245
411 0.9911  0.00245
412 0.9906  0.00245
413 0.9902  0.00245
414 0.9909  0.00245
415 0.9911  0.00245
416 0.9908  0.00245
417 0.9904  0.00245
418 0.9906  0.00265
419 0.9908  0.00265
420 0.9905  0.00265
421 0.9908  0.00265
422 0.9904  0.00265
423 0.9900  0.00265
424 0.9909  0.00245
425 0.9911  0.00245
426 0.9908  0.00245
427 0.9905  0.00245
428 0.9902  0.00245
429 0.9901  0.00245
430 0.9908  0.00245
431 0.9910  0.00245
432 0.9905  0.00245
433 0.9904  0.00245
434 0.9902  0.00245
435 0.9901  0.00245
436 0.9902  0.00245
437 0.9908  0.00245
438 0.9901  0.00245
439 0.9895  0.00245
440 0.9898  0.00245
441 0.9902  0.00245
442 0.9902  0.00265
443 0.9900  0.00265
444 0.9906  0.00265
445 0.9901  0.00265
446 0.9898  0.00265
447 0.9900  0.00265
448 0.9896  0.00245
449 0.9897  0.00245
450 0.9899  0.00245
451 0.9895  0.00245
452 0.9901  0.00245
453 0.9898  0.00245
454 0.9897  0.00245
455 0.9900  0.00245
456 0.9899  0.00245
457 0.9898  0.00245
458 0.9899  0.00245
459 0.9905  0.00245
460 0.9901  0.00245
461 0.9900  0.00245
462 0.9901  0.00245
463 0.9901  0.00245
464 0.9901  0.00245
465 0.9902  0.00245
466 0.9904  0.00265
467 0.9910  0.00265
468 0.9904  0.00265
469 0.9904  0.00265
470 0.9907  0.00265
471 0.9910  0.00265
472 0.9907  0.00245
473 0.9921  0.00245
474 0.9910  0.00245
475 0.9919  0.00245
476 0.9915  0.00245
477 0.9915  0.00245
478 0.9919  0.00245
479 0.9922  0.00245
480 0.9916  0.00245
481 0.9919  0.00245
482 0.9916  0.00245
483 0.9913  0.00245
484 0.9916  0.00245
485 0.9913  0.00245
486 0.9914  0.00245
487 0.9909  0.00245
488 0.9903  0.00245
489 0.9902  0.00245
490 0.9900  0.00265
491 0.9910  0.00265
492 0.9907  0.00265
493 0.9912  0.00265
494 0.9903  0.00265
495 0.9903  0.00265
496 0.9906  0.00245
497 0.9898  0.00245
498 0.9911  0.00245
499 0.9908  0.00245
500 0.9908  0.00245
501 0.9907  0.00245
502 0.9907  0.00245
503 0.9912  0.00245
504 0.9914  0.00245
505 0.9911  0.00245
506 0.9912  0.00245
507 0.9914  0.00245
508 0.9911  0.00245
509 0.9915  0.00245
510 0.9915  0.00245
511 0.9910  0.00245
512 0.9911  0.00245
513 0.9918  0.00245
514 0.9914  0.00265
515 0.9918  0.00265
516 0.9923  0.00265
517 0.9914  0.00265
518 0.9913  0.00265
519 0.9915  0.00265
520 0.9917  0.00245
521 0.9918  0.00245
522 0.9916  0.00245
523 0.9917  0.00245
524 0.9918  0.00245
525 0.9916  0.00245
526 0.9918  0.00245
527 0.9915  0.00245
528 0.9910  0.00245
529 0.9915  0.00245
530 0.9917  0.00245
531 0.9919  0.00245
532 0.9916  0.00245
533 0.9912  0.00245
534 0.9919  0.00245
535 0.9919  0.00245
536 0.9917  0.00245
537 0.9915  0.00245
538 0.9915  0.00265
539 0.9913  0.00265
540 0.9912  0.00265
541 0.9921  0.00265
542 0.9914  0.00265
543 0.9917  0.00265
544 0.9918  0.00245
545 0.9915  0.00245
546 0.9915  0.00245
547 0.9911  0.00245
548 0.9914  0.00245
549 0.9917  0.00245
550 0.9917  0.00245
551 0.9920  0.00245
552 0.9910  0.00245
553 0.9904  0.00245
554 0.9915  0.00245
555 0.9917  0.00245
556 0.9919  0.00245
557 0.9906  0.00245
558 0.9914  0.00245
559 0.9913  0.00245
560 0.9921  0.00245
561 0.9916  0.00245
562 0.9917  0.00265
563 0.9914  0.00265
564 0.9913  0.00265
565 0.9913  0.00265
566 0.9911  0.00265
567 0.9911  0.00265
568 0.9916  0.00245
569 0.9909  0.00245
570 0.9912  0.00245
571 0.9914  0.00245
572 0.9910  0.00245
573 0.9914  0.00245
574 0.9906  0.00245
575 0.9902  0.00245
576 0.9916  0.00245
577 0.9916  0.00245
578 0.9912  0.00245
579 0.9909  0.00245
580 0.9911  0.00245
581 0.9912  0.00245
582 0.9910  0.00245
583 0.9917  0.00245
584 0.9908  0.00245
585 0.9911  0.00245
586 0.9905  0.00265
587 0.9913  0.00265
588 0.9910  0.00265
589 0.9914  0.00265
590 0.9916  0.00265
591 0.9910  0.00265
592 0.9909  0.00245
593 0.9913  0.00245
594 0.9911  0.00245
595 0.9907  0.00245
596 0.9909  0.00245
597 0.9908  0.00245
598 0.9907  0.00245
599 0.9907  0.00245
600 0.9907  0.00245
601 0.9913  0.00245
602 0.9907  0.00245
603 0.9905  0.00245
604 0.9909  0.00245
605 0.9906  0.00245
606 0.9908  0.00245
607 0.9901  0.00245
608 0.9906  0.00245
609 0.9911  0.00245
610 0.9910  0.00265
611 0.9912  0.00265
612 0.9913  0.00265
613 0.9910  0.00265
614 0.9913  0.00265
615 0.9911  0.00265
616 0.9909  0.00245
617 0.9906  0.00245
618 0.9904  0.00245
619 0.9909  0.00245
620 0.9913  0.00245
621 0.9914  0.00245
622 0.9912  0.00245
623 0.9910  0.00245
624 0.9909  0.00245
625 0.9916  0.00245
626 0.9912  0.00245
627 0.9907  0.00245
628 0.9908  0.00245
629 0.9913  0.00245
630 0.9914  0.00245
631 0.9909  0.00245
632 0.9905  0.00245
633 0.9906  0.00245
634 0.9910  0.00265
635 0.9909  0.00265
636 0.9902  0.00265
637 0.9906  0.00265
638 0.9913  0.00265
639 0.9909  0.00265
640 0.9912  0.00245
641 0.9905  0.00245
642 0.9905  0.00245
643 0.9910  0.00245
644 0.9909  0.00245
645 0.9909  0.00245
646 0.9911  0.00245
647 0.9910  0.00245
648 0.9909  0.00245
649 0.9908  0.00245
650 0.9911  0.00245
651 0.9909  0.00245
652 0.9908  0.00245
653 0.9908  0.00245
654 0.9909  0.00245
655 0.9909  0.00245
656 0.9905  0.00245
657 0.9908  0.00245
658 0.9907  0.00265
659 0.9908  0.00265
660 0.9909  0.00265
661 0.9912  0.00265
662 0.9913  0.00265
663 0.9911  0.00265
664 0.9906  0.00245
665 0.9908  0.00245
666 0.9907  0.00245
667 0.9907  0.00245
668 0.9909  0.00245
669 0.9908  0.00245
670 0.9908  0.00245
671 0.9907  0.00245
672 0.9912  0.00245
673 0.9911  0.00245
674 0.9909  0.00245
675 0.9910  0.00245
676 0.9914  0.00245
677 0.9914  0.00245
678 0.9910  0.00245
679 0.9911  0.00245
680 0.9908  0.00245
681 0.9905  0.00245
682 0.9908  0.00265
683 0.9910  0.00265
684 0.9910  0.00265
685 0.9912  0.00265
686 0.9912  0.00265
687 0.9910  0.00265
688 0.9912  0.00245
689 0.9912  0.00245
690 0.9912  0.00245
691 0.9913  0.00245
692 0.9911  0.00245
693 0.9908  0.00245
694 0.9909  0.00245
695 0.9909  0.00245
696 0.9912  0.00245
697 0.9912  0.00245
698 0.9909  0.00245
699 0.9905  0.00245
700 0.9903  0.00245
701 0.9904  0.00245
702 0.9907  0.00245
703 0.9908  0.00245
704 0.9908  0.00245
705 0.9907  0.00245
706 0.9908  0.00265
707 0.9914  0.00265
708 0.9910  0.00265
709 0.9906  0.00265
710 0.9907  0.00265
711 0.9908  0.00265
712 0.9910  0.00245
713 0.9911  0.00245
714 0.9914  0.00245
715 0.9916  0.00245
716 0.9917  0.00245
717 0.9912  0.00245
718 0.9910  0.00245
719 0.9907  0.00245
720 0.9908  0.00245
721 0.9914  0.00245
722 0.9910  0.00245
723 0.9905  0.00245
724 0.9909  0.00245
725 0.9910  0.00245
726 0.9911  0.00245
727 0.9912  0.00245
728 0.9909  0.00245
729 0.9912  0.00245
730 0.9911  0.00265
731 0.9909  0.00265
732 0.9904  0.00265
733 0.9903  0.00265
734 0.9905  0.00265
735 0.9907  0.00265
736 0.9904  0.00245
737 0.9906  0.00245
738 0.9911  0.00245
739 0.9910  0.00245
740 0.9905  0.00245
741 0.9903  0.00245
742 0.9908  0.00245
743 0.9906  0.00245
744 0.9907  0.00245
745 0.9915  0.00245
746 0.9904  0.00245
747 0.9901  0.00245
748 0.9906  0.00245
749 0.9908  0.00245
750 0.9908  0.00245
751 0.9907  0.00245
752 0.9905  0.00245
753 0.9904  0.00245
754 0.9905  0.00265
755 0.9910  0.00265
756 0.9906  0.00265
757 0.9902  0.00265
758 0.9911  0.00265
759 0.9902  0.00265
760 0.9910  0.00245
761 0.9905  0.00245
762 0.9907  0.00245
763 0.9908  0.00245
764 0.9907  0.00245
765 0.9911  0.00245
766 0.9900  0.00245
767 0.9907  0.00245
768 0.9905  0.00245
769 0.9908  0.00245
770 0.9906  0.00245
771 0.9906  0.00245
772 0.9905  0.00245
773 0.9905  0.00245
774 0.9904  0.00245
775 0.9901  0.00245
776 0.9900  0.00245
777 0.9895  0.00245
778 0.9897  0.00265
779 0.9902  0.00265
780 0.9902  0.00265
781 0.9911  0.00265
782 0.9909  0.00265
783 0.9907  0.00265
784 0.9907  0.00245
785 0.9913  0.00245
786 0.9906  0.00245
787 0.9903  0.00245
788 0.9919  0.00245
789 0.9910  0.00245
790 0.9917  0.00245
791 0.9895  0.00245
792 0.9907  0.00245
793 0.9910  0.00245
794 0.9903  0.00245
795 0.9908  0.00245
796 0.9891  0.00245
797 0.9897  0.00245
798 0.9898  0.00245
799 0.9908  0.00245
800 0.9901  0.00245
801 0.9898  0.00245
802 0.9908  0.00265
803 0.9915  0.00265
804 0.9900  0.00265
805 0.9909  0.00265
806 0.9916  0.00265
807 0.9900  0.00265
808 0.9905  0.00245
809 0.9910  0.00245
810 0.9904  0.00245
811 0.9890  0.00245
812 0.9901  0.00245
813 0.9885  0.00245
814 0.9921  0.00245
815 0.9906  0.00245
816 0.9906  0.00245
817 0.9898  0.00245
818 0.9896  0.00245
819 0.9914  0.00245
820 0.9909  0.00245
821 0.9906  0.00245
822 0.9898  0.00245
823 0.9922  0.00245
824 0.9915  0.00245
825 0.9898  0.00245
826 0.9914   0.00265 
827 0.9904   0.00265
828 0.9905   0.00265
829 0.9907   0.00265
830 0.9909   0.00265
831 0.9902   0.00265
832 0.9924   0.00245
833 0.9929   0.00245
834 0.9904   0.00245
835 0.9915   0.00245
836 0.9913   0.00245
837 0.9907   0.00245
838 0.9915   0.00245
839 0.9919   0.00245
840 0.9897   0.00245
841 0.9907   0.00245
842 0.9904   0.00245
843 0.9880   0.00245
844 0.9900   0.00245
845 0.9921   0.00245
846 0.9911   0.00245
847 0.9934   0.00245
848 0.9923   0.00245
849 0.9922   0.00245
850 0.9893   0.00265
851 0.9885   0.00265
852 0.9878   0.00265
853 0.9912   0.00265
854 0.9934   0.00265
855 0.9911   0.00265
856 0.9921   0.00245
857 0.9885   0.00245
858 0.9908   0.00245
859 0.9922   0.00245
860 0.9956   0.00245
861 0.9959   0.00245
862 0.9955   0.00245
863 0.9905   0.00245
864 0.9926   0.00245
865 0.9916   0.00245
866 0.9920   0.00245
867 0.9901   0.00245
868 0.9949   0.00245
869 0.9902   0.00245
870 0.9914   0.00245
871 0.9924   0.00245
872 0.9915   0.00245
873 0.9890   0.00245
874 0.9912   0.00265
875 0.9931   0.00265
876 0.9927   0.00265
877 0.9914   0.00265
878 0.9912   0.00265
879 0.9863   0.00265
880 0.9923   0.00245
881 0.9967   0.00245
882 0.9951   0.00245
883 0.9917   0.00245
884 0.9967   0.00245
885 0.9897   0.00245
886 0.9935   0.00245
887 0.9935   0.00245
888 0.9918   0.00245
889 0.9919   0.00245
890 0.9903   0.00245
891 0.9877   0.00245
892 0.9921   0.00245
893 0.9945   0.00245
894 0.9902   0.00245
895 0.9904   0.00245
896 0.9908   0.00245
897 0.9893   0.00245
898 0.9900   0.00265
899 0.9942   0.00265
900 0.9917   0.00265
901 0.9915   0.00265
902 0.9907   0.00265
903 0.9913   0.00265
904 0.9918   0.00245
905 0.9879   0.00245
906 0.9904   0.00245
907 0.9912   0.00245
908 0.9908   0.00245
909 0.9908   0.00245
910 0.9905   0.00245
911 0.9904   0.00245
912 0.9912   0.00245
913 0.9906   0.00245
914 0.9912   0.00245
915 0.9914   0.00245
916 0.9912   0.00245
917 0.9931   0.00245
918 0.9928   0.00245
919 0.9897   0.00245
920 0.9904   0.00245
921 0.9911   0.00245
922 0.9920   0.00265
923 0.9914   0.00265
924 0.9913   0.00265
925 0.9920   0.00265
926 0.9926   0.00265
927 0.9927   0.00265
928 0.9934   0.00245
929 0.9933   0.00245
930 0.9933   0.00245
931 0.9934   0.00245
932 0.9918   0.00245
933 0.9921   0.00245
934 0.9924   0.00245
935 0.9911   0.00245
936 0.9921   0.00245
937 0.9922   0.00245
938 0.9909   0.00245
939 0.9903   0.00245
940 0.9920   0.00245
941 0.9915   0.00245
942 0.9918   0.00245
943 0.9915   0.00245
944 0.9914   0.00245
945 0.9916   0.00245
946 0.9924   0.00265
947 0.9923   0.00265
948 0.9922   0.00265
949 0.9909   0.00265
950 0.9910   0.00265
951 0.9913   0.00265
952 0.9916   0.00245
953 0.9926   0.00245
954 0.9924   0.00245
955 0.9926   0.00245
956 0.9927   0.00245
957 0.9917   0.00245
958 0.9920   0.00245
959 0.9920   0.00245
960 0.9912   0.00245
961 0.9912   0.00245
962 0.9909   0.00245
963 0.9906   0.00245
964 0.9908   0.00245
965 0.9912   0.00245
966 0.9917   0.00245
967 0.9915   0.00245
968 0.9912   0.00245
969 0.9913   0.00245
970 0.9918   0.00265
971 0.9915   0.00265
972 0.9920   0.00265
973 0.9921   0.00265
974 0.9918   0.00265
975 0.9916   0.00265
976 0.9912   0.00245
977 0.9922   0.00245
978 0.9923   0.00245
979 0.9915   0.00245
980 0.9921   0.00245
981 0.9917   0.00245
982 0.9911   0.00245
983 0.9917   0.00245
984 0.9918   0.00245
985 0.9919   0.00245
986 0.9929   0.00245
987 0.9929   0.00245
988 0.9919   0.00245
989 0.9911   0.00245
990 0.9909   0.00245
991 0.9910   0.00245
992 0.9910   0.00245
993 0.9913   0.00245
994 0.9915   0.00265
995 0.9911   0.00265
996 0.9913   0.00265
997 0.9920   0.00265
998 0.9919   0.00265
999 0.9915   0.00265
1000 0.9915  0.00245
1001 0.9916  0.00245
1002 0.9918  0.00245
1003 0.9918  0.00245
1004 0.9917  0.00245
1005 0.9916  0.00245
1006 0.9916  0.00245
1007 0.9916  0.00245
1008 0.9917  0.00245
1009 0.9918  0.00245
1010 0.9919  0.00245
1011 0.9917  0.00245
1012 0.9910  0.00245
1013 0.9917  0.00245
1014 0.9922  0.00245
1015 0.9917  0.00245
1016 0.9915  0.00245
1017 0.9917  0.00245
1018 0.9919  0.00265
1019 0.9920  0.00265
1020 0.9917  0.00265
1021 0.9917  0.00265
1022 0.9919  0.00265
1023 0.9915  0.00265
1024 0.9914  0.00245
1025 0.9915  0.00245
1026 0.9917  0.00245
1027 0.9918  0.00245
1028 0.9915  0.00245
1029 0.9914  0.00245
1030 0.9915  0.00245
1031 0.9912  0.00245
1032 0.9913  0.00245
1033 0.9917  0.00245
1034 0.9919  0.00245
1035 0.9921  0.00245
1036 0.9916  0.00245
1037 0.9912  0.00245
1038 0.9912  0.00245
1039 0.9913  0.00245
1040 0.9911  0.00245
1041 0.9912  0.00245
1042 0.9912  0.00265
1043 0.9913  0.00265
1044 0.9913  0.00265
1045 0.9911  0.00265
1046 0.9914  0.00265
1047 0.9914  0.00265
1048 0.9914  0.00245
1049 0.9917  0.00245
1050 0.9915  0.00245
1051 0.9918  0.00245
1052 0.9918  0.00245
1053 0.9913  0.00245
1054 0.9914  0.00245
1055 0.9914  0.00245
1056 0.9913  0.00245
1057 0.9918  0.00245
1058 0.9918  0.00245
1059 0.9912  0.00245
1060 0.9917  0.00245
1061 0.9918  0.00245
1062 0.9917  0.00245
1063 0.9916  0.00245
1064 0.9913  0.00245
1065 0.9916  0.00245
1066 0.9916  0.00265
1067 0.9914  0.00265
1068 0.9918  0.00265
1069 0.9917  0.00265
1070 0.9914  0.00265
1071 0.9916  0.00265
1072 0.9915  0.00245
1073 0.9916  0.00245
1074 0.9918  0.00245
1075 0.9917  0.00245
1076 0.9916  0.00245
1077 0.9913  0.00245
1078 0.9914  0.00245
1079 0.9921  0.00245
1080 0.9917  0.00245
1081 0.9916  0.00245
1082 0.9913  0.00245
1083 0.9910  0.00245
1084 0.9915  0.00245
1085 0.9916  0.00245
1086 0.9915  0.00245
1087 0.9917  0.00245
1088 0.9916  0.00245
1089 0.9917  0.00245
1090 0.9915  0.00265
1091 0.9915  0.00265
1092 0.9914  0.00265
1093 0.9916  0.00265
1094 0.9919  0.00265
1095 0.9918  0.00265
1096 0.9919  0.00245
1097 0.9916  0.00245
1098 0.9915  0.00245
1099 0.9915  0.00245
1100 0.9919  0.00245
1101 0.9916  0.00245
1102 0.9916  0.00245
1103 0.9914  0.00245
1104 0.9914  0.00245
1105 0.9920  0.00245
1106 0.9916  0.00245
1107 0.9913  0.00245
1108 0.9912  0.00245
1109 0.9914  0.00245
1110 0.9918  0.00245
1111 0.9919  0.00245
1112 0.9918  0.00245
1113 0.9916  0.00245
1114 0.9915  0.00265
1115 0.9916  0.00265
1116 0.9921  0.00265
1117 0.9917  0.00265
1118 0.9917  0.00265
1119 0.9919  0.00265
1120 0.9917  0.00245
1121 0.9917  0.00245
1122 0.9920  0.00245
1123 0.9918  0.00245
1124 0.9916  0.00245
1125 0.9921  0.00245
1126 0.9919  0.00245
1127 0.9917  0.00245
1128 0.9921  0.00245
1129 0.9920  0.00245
1130 0.9922  0.00245
1131 0.9920  0.00245
1132 0.9921  0.00245
1133 0.9920  0.00245
1134 0.9923  0.00245
1135 0.9918  0.00245
1136 0.9914  0.00245
1137 0.9915  0.00245
1138 0.9914  0.00265
1139 0.9913  0.00265
1140 0.9905  0.00265
1141 0.9911  0.00265
1142 0.9909  0.00265
1143 0.9903  0.00265
1144 0.9905  0.00245
1145 0.9906  0.00245
1146 0.9907  0.00245
1147 0.9911  0.00245
1148 0.9909  0.00245
1149 0.9917  0.00245
1150 0.9914  0.00245
1151 0.9912  0.00245
1152 0.9916  0.00245
1153 0.9914  0.00245
1154 0.9917  0.00245
1155 0.9918  0.00245
1156 0.9911  0.00245
1157 0.9916  0.00245
1158 0.9913  0.00245
1159 0.9912  0.00245
1160 0.9916  0.00245
1161 0.9917  0.00245
1162 0.9917  0.00265
1163 0.9915  0.00265
1164 0.9911  0.00265
1165 0.9913  0.00265
1166 0.9916  0.00265
1167 0.9914  0.00265
1168 0.9913  0.00245
1169 0.9915  0.00245
1170 0.9914  0.00245
1171 0.9917  0.00245
1172 0.9916  0.00245
1173 0.9916  0.00245
1174 0.9916  0.00245
1175 0.9914  0.00245
1176 0.9905  0.00245
1177 0.9906  0.00245
1178 0.9905  0.00245
1179 0.9907  0.00245
1180 0.9908  0.00245
1181 0.9903  0.00245
1182 0.9902  0.00245
1183 0.9903  0.00245
1184 0.9903  0.00245
1185 0.9903  0.00245
1186 0.9904  0.00265
1187 0.9908  0.00265
1188 0.9905  0.00265
1189 0.9905  0.00265
1190 0.9908  0.00265
1191 0.9908  0.00265
1192 0.9908  0.00245
1193 0.9905  0.00245
1194 0.9906  0.00245
1195 0.9908  0.00245
1196 0.9906  0.00245
1197 0.9906  0.00245
1198 0.9904  0.00245
1199 0.9906  0.00245
1200 0.9903  0.00245
1201 0.9907  0.00245
1202 0.9907  0.00245
1203 0.9904  0.00245
1204 0.9904  0.00245
1205 0.9907  0.00245
1206 0.9908  0.00245
1207 0.9906  0.00245
1208 0.9907  0.00245
1209 0.9905  0.00245
1210 0.9905  0.00265
1211 0.9899  0.00265
1212 0.9908  0.00265
1213 0.9909  0.00265
1214 0.9906  0.00265
1215 0.9907  0.00265
1216 0.9908  0.00245
1217 0.9908  0.00245
1218 0.9902  0.00245
1219 0.9901  0.00245
1220 0.9906  0.00245
1221 0.9909  0.00245
1222 0.9907  0.00245
1223 0.9908  0.00245
1224 0.9907  0.00245
1225 0.9907  0.00245
1226 0.9905  0.00245
1227 0.9905  0.00245
1228 0.9909  0.00245
1229 0.9906  0.00245
1230 0.9907  0.00245
1231 0.9908  0.00245
1232 0.9904  0.00245
1233 0.9906  0.00245
1234 0.9907  0.00265
1235 0.9906  0.00265
1236 0.9905  0.00265
1237 0.9907  0.00265
1238 0.9907  0.00265
1239 0.9906  0.00265
1240 0.9904  0.00245
1241 0.9904  0.00245
1242 0.9904  0.00245
1243 0.9903  0.00245
1244 0.9906  0.00245
1245 0.9906  0.00245
1246 0.9906  0.00245
1247 0.9908  0.00245
1248 0.9911  0.00245
1249 0.9906  0.00245
1250 0.9908  0.00245
1251 0.9907  0.00245
1252 0.9908  0.00245
1253 0.9908  0.00245
1254 0.9905  0.00245
1255 0.9907  0.00245
1256 0.9905  0.00245
1257 0.9905  0.00245
1258 0.9907  0.00265
1259 0.9909  0.00265
1260 0.9905  0.00265
1261 0.9906  0.00265
1262 0.9906  0.00265
1263 0.9905  0.00265
1264 0.9906  0.00245
1265 0.9904  0.00245
1266 0.9908  0.00245
1267 0.9910  0.00245
1268 0.9908  0.00245
1269 0.9907  0.00245
1270 0.9905  0.00245
1271 0.9908  0.00245
1272 0.9908  0.00245
1273 0.9909  0.00245
1274 0.9908  0.00245
1275 0.9906  0.00245
1276 0.9897  0.00245
1277 0.9894  0.00245
1278 0.9894  0.00245
1279 0.9896  0.00245
1280 0.9898  0.00245
1281 0.9897  0.00245
1282 0.9897  0.00265
1283 0.9898  0.00265
1284 0.9898  0.00265
1285 0.9898  0.00265
1286 0.9896  0.00265
1287 0.9895  0.00265
1288 0.9897  0.00245
1289 0.9898  0.00245
1290 0.9898  0.00245
1291 0.9896  0.00245
1292 0.9895  0.00245
1293 0.9896  0.00245
1294 0.9898  0.00245
1295 0.9901  0.00245
1296 0.9899  0.00245
1297 0.9898  0.00245
1298 0.9897  0.00245
1299 0.9897  0.00245
1300 0.9896  0.00245
1301 0.9895  0.00245
1302 0.9896  0.00245
1303 0.9895  0.00245
1304 0.9897  0.00245
1305 0.9898  0.00245
1306 0.9896  0.00265
1307 0.9895  0.00265
1308 0.9897  0.00265
1309 0.9897  0.00265
1310 0.9897  0.00265
1311 0.9896  0.00265
1312 0.9897  0.00245
1313 0.9897  0.00245
1314 0.9898  0.00245
1315 0.9898  0.00245
1316 0.9899  0.00245
1317 0.9900  0.00245
1318 0.9898  0.00245
1319 0.9897  0.00245
1320 0.9896  0.00245
1321 0.9895  0.00245
1322 0.9896  0.00245
1323 0.9897  0.00245
1324 0.9897  0.00245
1325 0.9897  0.00245
1326 0.9887  0.00245
1327 0.9887  0.00245
1328 0.9886  0.00245
1329 0.9887  0.00245
1330 0.9888  0.00265
1331 0.9888  0.00265
1332 0.9887  0.00265
1333 0.9888  0.00265
1334 0.9887  0.00265
1335 0.9886  0.00265
1336 0.9886  0.00245
1337 0.9880  0.00245
1338 0.9876  0.00245
1339 0.9879  0.00245
1340 0.9883  0.00245
1341 0.9892  0.00245
1342 0.9895  0.00245
1343 0.9892  0.00245
1344 0.9888  0.00245
1345 0.9885  0.00245
1346 0.9888  0.00245
1347 0.9892  0.00245
1348 0.9892  0.00245
1349 0.9890  0.00245
1350 0.9892  0.00245
1351 0.9892  0.00245
1352 0.9894  0.00245
1353 0.9896  0.00245
1354 0.9894  0.00265
1355 0.9894  0.00265
1356 0.9893  0.00265
1357 0.9895  0.00265
1358 0.9896  0.00265
1359 0.9897  0.00265
1360 0.9899  0.00245
1361 0.9896  0.00245
1362 0.9890  0.00245
1363 0.9890  0.00245
1364 0.9887  0.00245
1365 0.9885  0.00245
1366 0.9884  0.00245
1367 0.9879  0.00245
1368 0.9875  0.00245
1369 0.9876  0.00245
1370 0.9873  0.00245
1371 0.9873  0.00245
1372 0.9876  0.00245
1373 0.9874  0.00245
1374 0.9873  0.00245
1375 0.9876  0.00245
1376 0.9877  0.00245
1377 0.9883  0.00245
1378 0.9884  0.00265
1379 0.9884  0.00265
1380 0.9889  0.00265
1381 0.9893  0.00265
1382 0.9895  0.00265
1383 0.9895  0.00265
1384 0.9895  0.00245
1385 0.9892  0.00245
1386 0.9894  0.00245
1387 0.9891  0.00245
1388 0.9886  0.00245
1389 0.9886  0.00245
1390 0.9884  0.00245
1391 0.9885  0.00245
1392 0.9884  0.00245
1393 0.9882  0.00245
1394 0.9883  0.00245
1395 0.9884  0.00245
1396 0.9884  0.00245
1397 0.9880  0.00245
1398 0.9880  0.00245
1399 0.9885  0.00245
1400 0.9885  0.00245
1401 0.9884  0.00245
1402 0.9885  0.00265
1403 0.9883  0.00265
1404 0.9882  0.00265
1405 0.9883  0.00265
1406 0.9882  0.00265
1407 0.9880  0.00265
1408 0.9884  0.00245
1409 0.9883  0.00245
1410 0.9885  0.00245
1411 0.9884  0.00245
1412 0.9887  0.00245
1413 0.9888  0.00245
1414 0.9890  0.00245
1415 0.9888  0.00245
1416 0.9884  0.00245
1417 0.9884  0.00245
1418 0.9885  0.00245
1419 0.9885  0.00245
1420 0.9887  0.00245
1421 0.9884  0.00245
1422 0.9883  0.00245
1423 0.9884  0.00245
1424 0.9885  0.00245
1425 0.9893  0.00245
1426 0.9898  0.00265
1427 0.9903  0.00265
1428 0.9897  0.00265
1429 0.9894  0.00265
1430 0.9895  0.00265
1431 0.9898  0.00265
1432 0.9894  0.00245
1433 0.9899  0.00245
1434 0.9893  0.00245
1435 0.9894  0.00245
1436 0.9897  0.00245
1437 0.9897  0.00245
1438 0.9895  0.00245
1439 0.9898  0.00245
1440 0.9895  0.00245
1441 0.9896  0.00245
1442 0.9895  0.00245
1443 0.9895  0.00245
1444 0.9894  0.00245
1445 0.9895  0.00245
1446 0.9888  0.00245
1447 0.9892  0.00245
1448 0.9897  0.00245
1449 0.9890  0.00245
1450 0.9895  0.00265
1451 0.9890  0.00265
1452 0.9890  0.00265
1453 0.9895  0.00265
1454 0.9885  0.00265
1455 0.9890  0.00265
1456 0.9893  0.00245
1457 0.9893  0.00245
1458 0.9893  0.00245
1459 0.9892  0.00245
1460 0.9893  0.00245
1461 0.9898  0.00245
1462 0.9901  0.00245
1463 0.9897  0.00245
1464 0.9898  0.00245
1465 0.9902  0.00245
1466 0.9892  0.00245
1467 0.9899  0.00245
1468 0.9897  0.00245
1469 0.9896  0.00245
1470 0.9895  0.00245
1471 0.9898  0.00245
1472 0.9899  0.00245
1473 0.9894  0.00245
1474 0.9897  0.00265
1475 0.9892  0.00265
1476 0.9896  0.00265
1477 0.9897  0.00265
1478 0.9895  0.00265
1479 0.9891  0.00265
1480 0.9892  0.00245
1481 0.9894  0.00245
1482 0.9895  0.00245
1483 0.9893  0.00245
1484 0.9889  0.00245
1485 0.9893  0.00245
1486 0.9891  0.00245
1487 0.9895  0.00245
1488 0.9894  0.00245
1489 0.9892  0.00245
1490 0.9896  0.00245
1491 0.9899  0.00245
1492 0.9893  0.00245
1493 0.9894  0.00245
1494 0.9896  0.00245
1495 0.9891  0.00245
1496 0.9901  0.00245
1497 0.9893  0.00245
1498 0.9896  0.00265
1499 0.9896  0.00265
1500 0.9895  0.00265
1501 0.9894  0.0044
1502 0.9894  0.0044
1503 0.9895  0.0044
1504 0.9902  0.0044
1505 0.9898  0.0044
1506 0.9903  0.0044
1507 0.9896  0.0044
1508 0.9892  0.0044
1509 0.9891  0.0044
1510 0.9901  0.0044
1511 0.9899  0.0044
1512 0.9899  0.0044
1513 0.9898  0.0044
1514 0.9888  0.0044
1515 0.9894  0.0044
1516 0.9899  0.0044
1517 0.9893  0.0044
1518 0.9892  0.0044
1519 0.9888  0.0044
1520 0.9896  0.0044
1521 0.9894  0.0044
1522 0.9902  0.0044
1523 0.9894  0.0044
1524 0.9890  0.0044
1525 0.9890  0.0044
1526 0.9893  0.0044
1527 0.9889  0.0044
1528 0.9891  0.0044
1529 0.9893  0.0044
1530 0.9895  0.0044
1531 0.9892  0.0044
1532 0.9892  0.0044
1533 0.9890  0.0044
1534 0.9893  0.0044
1535 0.9891  0.0044
1536 0.9892  0.0044
1537 0.9896  0.0044
1538 0.9898  0.0044
1539 0.9895  0.0044
1540 0.9894  0.0044
1541 0.9894  0.0044
1542 0.9903  0.0044
1543 0.9896  0.0044
1544 0.9896  0.0044
1545 0.9893  0.0044
1546 0.9898  0.0044
1547 0.9896  0.0044
1548 0.9894  0.0044
1549 0.9899  0.0044
1550 0.9898  0.0044
1551 0.9897  0.0044
1552 0.9895  0.0044
1553 0.9896  0.0044
1554 0.9897  0.0044
1555 0.9897  0.0044
1556 0.9900  0.0044
1557 0.9898  0.0044
1558 0.9898  0.0044
1559 0.9892  0.0044
1560 0.9895  0.0044
1561 0.9892  0.0044
1562 0.9894  0.0044
1563 0.9894  0.0044
1564 0.9895  0.0044
1565 0.9897  0.0044
1566 0.9900  0.0044
1567 0.9897  0.0044
1568 0.9894  0.0044
1569 0.9893  0.0044
1570 0.9903  0.0044
1571 0.9904  0.0044
1572 0.9899  0.0044
1573 0.9892  0.0044
1574 0.9893  0.0044
1575 0.9899  0.0044
1576 0.9897  0.0044
1577 0.9895  0.0044
1578 0.9895  0.0044
1579 0.9894  0.0044
1580 0.9891  0.0044
1581 0.9893  0.0044
1582 0.9896  0.0044
1583 0.9889  0.0044
1584 0.9890  0.0044
1585 0.9900  0.0044
1586 0.9899  0.0044
1587 0.9889  0.0044
1588 0.9891  0.0044
1589 0.9895  0.0044
1590 0.9896  0.0044
1591 0.9894  0.0044
1592 0.9892  0.0044
1593 0.9893  0.0044
1594 0.9889  0.0044
1595 0.9887  0.0044
1596 0.9895  0.0044
1597 0.9892  0.0044
1598 0.9892  0.0044
1599 0.9896  0.0044
1600 0.9895  0.0044
1601 0.9891  0.0044
1602 0.9893  0.0044
1603 0.9894  0.0044
1604 0.9895  0.0044
1605 0.9893  0.0044
1606 0.9894  0.0044
1607 0.9894  0.0044
1608 0.9894  0.0044
1609 0.9890  0.0044
1610 0.9894  0.0044
1611 0.9897  0.0044
1612 0.9894  0.0044
1613 0.9895  0.0044
1614 0.9898  0.0044
1615 0.9899  0.0044
1616 0.9901  0.0044
1617 0.9893  0.0044
1618 0.9895  0.0044
1619 0.9895  0.0044
1620 0.9893  0.0044
1621 0.9895  0.0044
1622 0.9898  0.0044
1623 0.9900  0.0044
1624 0.9903  0.0044
1625 0.9899  0.0044
1626 0.9884  0.0044
1627 0.9875  0.0044
1628 0.9868  0.0044
1629 0.9870  0.0044
1630 0.9867  0.0044
1631 0.9867  0.0044
1632 0.9881  0.0044
1633 0.9889  0.0044
1634 0.9896  0.0044
1635 0.9899  0.0044
1636 0.9903  0.0044
1637 0.9899  0.0044
1638 0.9893  0.0044
1639 0.9890  0.0044
1640 0.9887  0.0044
1641 0.9887  0.0044
1642 0.9884  0.0044
1643 0.9883  0.0044
1644 0.9882  0.0044
1645 0.9882  0.0044
1646 0.9883  0.0044
1647 0.9880  0.0044
1648 0.9881  0.0044
1649 0.9879  0.0044
1650 0.9880  0.0044
1651 0.9885  0.0044
1652 0.9887  0.0044
1653 0.9884  0.0044
1654 0.9887  0.0044
1655 0.9888  0.0044
1656 0.9884  0.0044
1657 0.9883  0.0044
1658 0.9886  0.0044
1659 0.9887  0.0044
1660 0.9884  0.0044
1661 0.9884  0.0044
1662 0.9883  0.0044
1663 0.9882  0.0044
1664 0.9883  0.0044
1665 0.9879  0.0044
1666 0.9878  0.0044
1667 0.9881  0.0044
1668 0.9887  0.0044
1669 0.9894  0.0044
1670 0.9893  0.0044
1671 0.9893  0.0044
1672 0.9890  0.0044
1673 0.9885  0.0044
1674 0.9882  0.0044
1675 0.9877  0.0044
1676 0.9872  0.0044
1677 0.9869  0.0044
1678 0.9872  0.0044
1679 0.9876  0.0044
1680 0.9867  0.0044
1681 0.9869  0.0044
1682 0.9873  0.0044
1683 0.9869  0.0044
1684 0.9867  0.0044
1685 0.9869  0.0044
1686 0.9868  0.0044
1687 0.9866  0.0044
1688 0.9868  0.0044
1689 0.9866  0.0044
1690 0.9867  0.0044
1691 0.9872  0.0044
1692 0.9871  0.0044
1693 0.9874  0.0044
1694 0.9874  0.0044
1695 0.9873  0.0044
1696 0.9874  0.0044
1697 0.9869  0.0044
1698 0.9866  0.0044
1699 0.9867  0.0044
1700 0.9866  0.0044
1701 0.9869  0.0044
1702 0.9868  0.0044
1703 0.9869  0.0044
1704 0.9867  0.0044
1705 0.9869  0.0044
1706 0.9873  0.0044
1707 0.9866  0.0044
1708 0.9862  0.0044
1709 0.9863  0.0044
1710 0.9866  0.0044
1711 0.9873  0.0044
1712 0.9873  0.0044
1713 0.9871  0.0044
1714 0.9872  0.0044
1715 0.9867  0.0044
1716 0.9861  0.0044
1717 0.9868  0.0044
1718 0.9867  0.0044
1719 0.9862  0.0044
1720 0.9865  0.0044
1721 0.9866  0.0044
1722 0.9869  0.0044
1723 0.9867  0.0044
1724 0.9869  0.0044
1725 0.9863  0.0044
1726 0.9857  0.0044
1727 0.9860  0.0044
1728 0.9862  0.0044
1729 0.9860  0.0044
1730 0.9866  0.0044
1731 0.9866  0.0044
1732 0.9866  0.0044
1733 0.9864  0.0044
1734 0.9865  0.0044
1735 0.9858  0.0044
1736 0.9872  0.0044
1737 0.9863  0.0044
1738 0.9864  0.0044
1739 0.9869  0.0044
1740 0.9867  0.0044
1741 0.9862  0.0044
1742 0.9874  0.0044
1743 0.9871  0.0044
1744 0.9878  0.0044
1745 0.9875  0.0044
1746 0.9865  0.0044
1747 0.9857  0.0044
1748 0.9860  0.0044
1749 0.9863  0.0044
1750 0.9871  0.0044
1751 0.9864  0.0044
1752 0.9862  0.0044
1753 0.9865  0.0044
1754 0.9862  0.0044
1755 0.9869  0.0044
1756 0.9875  0.0044
1757 0.9860  0.0044
1758 0.9860  0.0044
1759 0.9867  0.0044
1760 0.9878  0.0044
1761 0.9869  0.0044
1762 0.9870  0.0044
1763 0.9866  0.0044
1764 0.9869  0.0044
1765 0.9872  0.0044
1766 0.9864  0.0044
1767 0.9870  0.0044
1768 0.9875  0.0044
1769 0.9879  0.0044
1770 0.9875  0.0044
1771 0.9869  0.0044
1772 0.9874  0.0044
1773 0.9873  0.0044
1774 0.9870  0.0044
1775 0.9878  0.0044
1776 0.9869  0.0044
1777 0.9867  0.0044
1778 0.9860  0.0044
1779 0.9866  0.0044
1780 0.9876  0.0044
1781 0.9867  0.0044
1782 0.9865  0.0044
1783 0.9866  0.0044
1784 0.9872  0.0044
1785 0.9872  0.0044
1786 0.9863  0.0044
1787 0.9865  0.0044
1788 0.9874  0.0044
1789 0.9865  0.0044
1790 0.9868  0.0044
1791 0.9867  0.0044
1792 0.9870  0.0044
1793 0.9864  0.0044
1794 0.9862  0.0044
1795 0.9870  0.0044
1796 0.9874  0.0044
1797 0.9877  0.0044
1798 0.9868  0.0044
1799 0.9866  0.0044
1800 0.9864  0.0044
1801 0.9863  0.0044
1802 0.9871  0.0044
1803 0.9879  0.0044
1804 0.9872  0.0044
1805 0.9876  0.0044
1806 0.9873  0.0044
1807 0.9862  0.0044
1808 0.9859  0.0044
1809 0.9846  0.0044
1810 0.9855  0.0044
1811 0.9871  0.0044
1812 0.9856  0.0044
1813 0.9867  0.0044
1814 0.9868  0.0044
1815 0.9852  0.0044
1816 0.9856  0.0044
1817 0.9847  0.0044
1818 0.9857  0.0044
1819 0.9858  0.0044
1820 0.9858  0.0044
1821 0.9843  0.0044
1822 0.9837  0.0044
1823 0.9809  0.0044
1824 0.9821  0.0044
1825 0.9878  0.0044
1826 0.9875  0.0044
1827 0.9859  0.0044
1828 0.9847  0.0044
1829 0.9847  0.0044
1830 0.9860  0.0044
1831 0.9841  0.0044
1832 0.9836  0.0044
1833 0.9847  0.0044
1834 0.9851  0.0044
1835 0.9848  0.0044
1836 0.9842  0.0044
1837 0.9824  0.0044
1838 0.9844  0.0044
1839 0.9836  0.0044
1840 0.9827  0.0044
1841 0.9838  0.0044
1842 0.9803  0.0044
1843 0.9813  0.0044
1844 0.9829  0.0044
1845 0.9790  0.0044
1846 0.9815  0.0044
1847 0.9805  0.0044
1848 0.9787  0.0044
1849 0.9792  0.0044
1850 0.9793  0.0044
1851 0.9789  0.0044
1852 0.9798  0.0044
1853 0.9811  0.0044
1854 0.9788  0.0044
1855 0.9826  0.0044
1856 0.9817  0.0044
1857 0.9828  0.0044
1858 0.9845  0.0044
1859 0.9846  0.0044
1860 0.9835  0.0044
1861 0.9847  0.0044
1862 0.9813  0.0044
1863 0.9819  0.0044
1864 0.9801  0.0044
1865 0.9829  0.0044
1866 0.9812  0.0044
1867 0.9819  0.0044
1868 0.9827  0.0044
1869 0.9812  0.0044
1870 0.9821  0.0044
1871 0.9825  0.0044
1872 0.9827  0.0044
1873 0.9815  0.0044
1874 0.9806  0.0044
1875 0.9805  0.0044
1876 0.9787  0.0044
1877 0.9799  0.0044
1878 0.9783  0.0044
1879 0.9798  0.0044
1880 0.9802  0.0044
1881 0.9802  0.0044
1882 0.9803  0.0044
1883 0.9795  0.0044
1884 0.9811  0.0044
1885 0.9818  0.0044
1886 0.9793  0.0044
1887 0.9789  0.0044
1888 0.9795  0.0044
1889 0.9794  0.0044
1890 0.9801  0.0044
1891 0.9802  0.0044
1892 0.9796  0.0044
1893 0.9808  0.0044
1894 0.9806  0.0044
1895 0.9811  0.0044
1896 0.9817  0.0044
1897 0.9831  0.0044
1898 0.9774  0.0044
1899 0.9801  0.0044
1900 0.9795  0.0044
1901 0.9787  0.0044
1902 0.9805  0.0044
1903 0.9810  0.0044
1904 0.9803  0.0044
1905 0.9786  0.0044
1906 0.9755  0.0044
1907 0.9798  0.0044
1908 0.9870  0.0044
1909 0.9856  0.0044
1910 0.9821  0.0044
1911 0.9832  0.0044
1912 0.9810  0.0044
1913 0.9794  0.0044
1914 0.9813  0.0044
1915 0.9790  0.0044
1916 0.9806  0.0044
1917 0.9809  0.0044
1918 0.9777  0.0044
1919 0.9774  0.0044
1920 0.9782  0.0044
1921 0.9779  0.0044
1922 0.9785  0.0044
1923 0.9800  0.0044
1924 0.9782  0.0044
1925 0.9798  0.0044
1926 0.9770  0.0044
1927 0.9782  0.0044
1928 0.9808  0.0044
1929 0.9801  0.0044
1930 0.9807  0.0044
1931 0.9805  0.0044
1932 0.9805  0.0044
1933 0.9778  0.0044
1934 0.9734  0.0044
1935 0.9758  0.0044
1936 0.9802  0.0044
1937 0.9782  0.0044
1938 0.9796  0.0044
1939 0.9796  0.0044
1940 0.9762  0.0044
1941 0.9757  0.0044
1942 0.9794  0.0044
1943 0.9782  0.0044
1944 0.9780  0.0044
1945 0.9783  0.0044
1946 0.9774  0.0044
1947 0.9778  0.0044
1948 0.9770  0.0044
1949 0.9768  0.0044
1950 0.9779  0.0044
1951 0.9789  0.0044
1952 0.9788  0.0044
1953 0.9784  0.0044
1954 0.9781  0.0044
1955 0.9789  0.0044
1956 0.9804  0.0044
1957 0.9807  0.0044
1958 0.9801  0.0044
1959 0.9776  0.0044
1960 0.9778  0.0044
1961 0.9788  0.0044
1962 0.9791  0.0044
1963 0.9776  0.0044
1964 0.9779  0.0044
1965 0.9782  0.0044
1966 0.9784  0.0044
1967 0.9793  0.0044
1968 0.9790  0.0044
1969 0.9780  0.0044
1970 0.9775  0.0044
1971 0.9782  0.0044
1972 0.9776  0.0044
1973 0.9770  0.0044
1974 0.9762  0.0044
1975 0.9774  0.0044
1976 0.9771  0.0044
1977 0.9762  0.0044
1978 0.9766  0.0044
1979 0.9758  0.0044
1980 0.9756  0.0044
1981 0.9769  0.0044
1982 0.9773  0.0044
1983 0.9760  0.0044
1984 0.9755  0.0044
1985 0.9763  0.0044
1986 0.9765  0.0044
1987 0.9776  0.0044
1988 0.9784  0.0044
1989 0.9774  0.0044
1990 0.9761  0.0044
1991 0.9763  0.0044
1992 0.9740  0.0044
1993 0.9740  0.0044
1994 0.9743  0.0044
1995 0.9744  0.0044
1996 0.9747  0.0044
1997 0.9742  0.0044
1998 0.9741  0.0044
1999 0.9745  0.0044
2000 0.9732  0.0044
2001 0.9723  0.0044
2002 0.9733  0.0044
2003 0.9726  0.0044
2004 0.9726  0.0044
2005 0.9726  0.0044
2006 0.9727  0.0044
2007 0.9731  0.0044
2008 0.9714  0.0044
2009 0.9707  0.0044
2010 0.9707  0.0044
2011 0.9715  0.0044
2012 0.9722  0.0044
2013 0.9748  0.0044
2014 0.9746  0.0044
2015 0.9703  0.0044
2016 0.9676  0.0044
2017 0.9688  0.0044
2018 0.9699  0.0044
2019 0.9697  0.0044
2020 0.9686  0.0044
2021 0.9675  0.0044
2022 0.9683  0.0044
2023 0.9665  0.0044
2024 0.9664  0.0044
2025 0.9672  0.0044
2026 0.9662  0.0044
2027 0.9671  0.0044
2028 0.9663  0.0044
2029 0.9667  0.0044
2030 0.9666  0.0044
2031 0.9625  0.0044
2032 0.9599  0.0044
2033 0.9589  0.0044
2034 0.9642  0.0044
2035 0.9700  0.0044
2036 0.9708  0.0044
2037 0.9696  0.0044
2038 0.9683  0.0044
2039 0.9664  0.0044
2040 0.9658  0.0044
2041 0.9648  0.0044
2042 0.9643  0.0044
2043 0.9636  0.0044
2044 0.9610  0.0044
2045 0.9611  0.0044
2046 0.9621  0.0044
2047 0.9631  0.0044
2048 0.9640  0.0044
2049 0.9634  0.0044
2050 0.9603  0.0044
2051 0.9600  0.0044
2052 0.9588  0.0044
2053 0.9601  0.0044
2054 0.9605  0.0044
2055 0.9604  0.0044
2056 0.9596  0.0044
2057 0.9588  0.0044
2058 0.9578  0.0044
2059 0.9594  0.0044
2060 0.9594  0.0044
2061 0.9609  0.0044
2062 0.9602  0.0044
2063 0.9608  0.0044
2064 0.9596  0.0044
2065 0.9595  0.0044
2066 0.9576  0.0044
2067 0.9571  0.0044
2068 0.9565  0.0044
2069 0.9565  0.0044
2070 0.9580  0.0044
2071 0.9592  0.0044
2072 0.9595  0.0044
2073 0.9602  0.0044
2074 0.9602  0.0044
2075 0.9575  0.0044
2076 0.9551  0.0044
2077 0.9573  0.0044
2078 0.9539  0.0044
2079 0.9577  0.0044
2080 0.9615  0.0044
2081 0.9626  0.0044
2082 0.9615  0.0044
2083 0.9594  0.0044
2084 0.9587  0.0044
2085 0.9566  0.0044
2086 0.9573  0.0044
2087 0.9563  0.0044
2088 0.9534  0.0044
2089 0.9544  0.0044
2090 0.9548  0.0044
2091 0.9560  0.0044
2092 0.9572  0.0044
2093 0.9560  0.0044
2094 0.9547  0.0044
2095 0.9542  0.0044
2096 0.9552  0.0044
2097 0.9547  0.0044
2098 0.9539  0.0044
2099 0.9530  0.0044
2100 0.9532  0.0044
2101 0.9546  0.0044
2102 0.9536  0.0044
2103 0.9546  0.0044
2104 0.9525  0.0044
2105 0.9536  0.0044
2106 0.9548  0.0044
2107 0.9560  0.0044
2108 0.9557  0.0044
2109 0.9555  0.0044
2110 0.9518  0.0044
2111 0.9503  0.0044
2112 0.9570  0.0044
2113 0.9536  0.0044
2114 0.9519  0.0044
2115 0.9507  0.0044
2116 0.9508  0.0044
2117 0.9530  0.0044
2118 0.9514  0.0044
2119 0.9488  0.0044
2120 0.9509  0.0044
2121 0.9509  0.0044
2122 0.9503  0.0044
2123 0.9518  0.0044
2124 0.9503  0.0044
2125 0.9487  0.0044
2126 0.9506  0.0044
2127 0.9469  0.0044
2128 0.9472  0.0044
2129 0.9498  0.0044
2130 0.9453  0.0044
2131 0.9485  0.0044
2132 0.9466  0.0044
2133 0.9473  0.0044
2134 0.9500  0.0044
2135 0.9456  0.0044
2136 0.9479  0.0044
2137 0.9498  0.0044
2138 0.9489  0.0044
2139 0.9460  0.0044
2140 0.9449  0.0044
2141 0.9434  0.0044
2142 0.9500  0.0044
2143 0.9407  0.0044
2144 0.9423  0.0044
2145 0.9431  0.0044
2146 0.9411  0.0044
2147 0.9438  0.0044
2148 0.9401  0.0044
2149 0.9424  0.0044
2150 0.9444  0.0044
2151 0.9475  0.0044
2152 0.9435  0.0044
2153 0.9416  0.0044
2154 0.9473  0.0044
2155 0.9489  0.0044
2156 0.9473  0.0044
2157 0.9428  0.0044
2158 0.9432  0.0044
2159 0.9405  0.0044
2160 0.9467  0.0044
2161 0.9500  0.0044
2162 0.9462  0.0044
2163 0.9515  0.0044
2164 0.9509  0.0044
2165 0.9510  0.0044
2166 0.9504  0.0044
2167 0.9532  0.0044
2168 0.9538  0.0044
2169 0.9572  0.0044
2170 0.9523  0.0044
2171 0.9524  0.0044
2172 0.9573  0.0044
2173 0.9574  0.0044
2174 0.9582  0.0044
2175 0.9588  0.0044
2176 0.9577  0.0044
2177 0.9601  0.0044
2178 0.9603  0.0044
2179 0.9573  0.0044
2180 0.9603  0.0044
2181 0.9605  0.0044
2182 0.9652  0.0044
2183 0.9638  0.0044
2184 0.9599  0.0044
2185 0.9602  0.0044
2186 0.9651  0.0044
2187 0.9610  0.0044
2188 0.9615  0.0044
2189 0.9657  0.0044
2190 0.9630  0.0044
2191 0.9659  0.0044
2192 0.9644  0.0044
2193 0.9655  0.0044
2194 0.9624  0.0044
2195 0.9628  0.0044
2196 0.9640  0.0044
2197 0.9690  0.0044
2198 0.9676  0.0044
2199 0.9641  0.0044
2200 0.9653  0.0151
2201 0.9670  0.0151
2202 0.9699  0.0151
2203 0.9710  0.0151
2204 0.9706  0.0151
2205 0.9616  0.0151
2206 0.9648  0.0151
2207 0.9705  0.0151
2208 0.9676  0.0151
2209 0.9680  0.0151
2210 0.9711  0.0151
2211 0.9716  0.0151
2212 0.9678  0.0151
2213 0.9700  0.0151
2214 0.9737  0.0151
2215 0.9708  0.0151
2216 0.9710  0.0151
2217 0.9682  0.0151
2218 0.9703  0.0151
2219 0.9678  0.0151
2220 0.9662  0.0151
2221 0.9670  0.0151
2222 0.9625  0.0151
2223 0.9614  0.0151
2224 0.9617  0.0151
2225 0.9647  0.0151
2226 0.9710  0.0151
2227 0.9765  0.0151
2228 0.9755  0.0151
2229 0.9763  0.0151
2230 0.9774  0.0151
2231 0.9733  0.0151
2232 0.9694  0.0151
2233 0.9711  0.0151
2234 0.9715  0.0151
2235 0.9691  0.0151
2236 0.9674  0.0151
2237 0.9636  0.0151
2238 0.9682  0.0151
2239 0.9672  0.0151
2240 0.9700  0.0151
2241 0.9711  0.0151
2242 0.9709  0.0151
2243 0.9720  0.0151
2244 0.9656  0.0151
2245 0.9665  0.0151
2246 0.9666  0.0151
2247 0.9658  0.0151
2248 0.9706  0.0151
2249 0.9699  0.0151
2250 0.9674  0.0151
2251 0.9663  0.0151
2252 0.9667  0.0151
2253 0.9699  0.0151
2254 0.9654  0.0151
2255 0.9666  0.0151
2256 0.9659  0.0151
2257 0.9661  0.0151
2258 0.9655  0.0151
2259 0.9624  0.0151
2260 0.9697  0.0151
2261 0.9669  0.0151
2262 0.9649  0.0151
2263 0.9690  0.0151
2264 0.9666  0.0151
2265 0.9674  0.0151
2266 0.9648  0.0151
2267 0.9585  0.0151
2268 0.9684  0.0151
2269 0.9672  0.0151
2270 0.9656  0.0151
2271 0.9675  0.0151
2272 0.9650  0.0151
2273 0.9636  0.0151
2274 0.9711  0.0151
2275 0.9682  0.0151
2276 0.9661  0.0151
2277 0.9664  0.0151
2278 0.9676  0.0151
2279 0.9715  0.0151
2280 0.9636  0.0151
2281 0.9610  0.0151
2282 0.9624  0.0151
2283 0.9697  0.0151
2284 0.9646  0.0151
2285 0.9634  0.0151
2286 0.9625  0.0151
2287 0.9610  0.0151
2288 0.9635  0.0151
2289 0.9684  0.0151
2290 0.9689  0.0151
2291 0.9627  0.0151
2292 0.9629  0.0151
2293 0.9632  0.0151
2294 0.9624  0.0151
2295 0.9648  0.0151
2296 0.9626  0.0151
2297 0.9581  0.0151
2298 0.9602  0.0151
2299 0.9648  0.0151
2300 0.9568  0.0151
2301 0.9605  0.0151
2302 0.9653  0.0151
2303 0.9625  0.0151
2304 0.9594  0.0151
2305 0.9586  0.0151
2306 0.9576  0.0151
2307 0.9625  0.0151
2308 0.9629  0.0151
2309 0.9585  0.0151
2310 0.9612  0.0151
2311 0.9636  0.0151
2312 0.9623  0.0151
2313 0.9618  0.0151
2314 0.9599  0.0151
2315 0.9612  0.0151
2316 0.9599  0.0151
2317 0.9549  0.0151
2318 0.9584  0.0151
2319 0.9553  0.0151
2320 0.9574  0.0151
2321 0.9661  0.0151
2322 0.9610  0.0151
2323 0.9540  0.0151
2324 0.9598  0.0151
2325 0.9592  0.0151
2326 0.9608  0.0151
2327 0.9601  0.0151
2328 0.9500  0.0151
2329 0.9490  0.0151
2330 0.9519  0.0151
2331 0.9527  0.0151
2332 0.9514  0.0151
2333 0.9494  0.0151
2334 0.9510  0.0151
2335 0.9550  0.0151
2336 0.9564  0.0151
2337 0.9563  0.0151
2338 0.9599  0.0151
2339 0.9589  0.0151
2340 0.9558  0.0151
2341 0.9571  0.0151
2342 0.9520  0.0151
2343 0.9512  0.0151
2344 0.9507  0.0151
2345 0.9515  0.0151
2346 0.9579  0.0151
2347 0.9547  0.0151
2348 0.9503  0.0151
2349 0.9479  0.0151
2350 0.9474  0.0151
2351 0.9557  0.0151
2352 0.9533  0.0151
2353 0.9447  0.0151
2354 0.9497  0.0151
2355 0.9553  0.0151
2356 0.9544  0.0151
2357 0.9525  0.0151
2358 0.9545  0.0151
2359 0.9577  0.0151
2360 0.9544  0.0151
2361 0.9485  0.0151
2362 0.9455  0.0151
2363 0.9528  0.0151
2364 0.9528  0.0151
2365 0.9540  0.0151
2366 0.9466  0.0151
2367 0.9434  0.0151
2368 0.9503  0.0151
2369 0.9484  0.0151
2370 0.9552  0.0151
2371 0.9562  0.0151
2372 0.9510  0.0151
2373 0.9550  0.0151
2374 0.9551  0.0151
2375 0.9524  0.0151
2376 0.9470  0.0151
2377 0.9417  0.0151
2378 0.9475  0.0151
2379 0.9499  0.0151
2380 0.9483  0.0151
2381 0.9505  0.0151
2382 0.9498  0.0151
2383 0.9513  0.0151
2384 0.9510  0.0151
2385 0.9483  0.0151
2386 0.9414  0.0151
2387 0.9456  0.0151
2388 0.9421  0.0151
2389 0.9432  0.0151
2390 0.9540  0.0151
2391 0.9395  0.0151
2392 0.9436  0.0151
2393 0.9458  0.0151
2394 0.9527  0.0151
2395 0.9412  0.0151
2396 0.9427  0.0151
2397 0.9440  0.0151
2398 0.9465  0.0151
2399 0.9532  0.0151
2400 0.9611  0.0151
2401 0.9513  0.0151
2402 0.9355  0.0151
2403 0.9450  0.0151
2404 0.9553  0.0151
2405 0.9581  0.0151
2406 0.9592  0.0151
2407 0.9545  0.0151
2408 0.9474  0.0151
2409 0.9484  0.0151
2410 0.9496  0.0151
2411 0.9466  0.0151
2412 0.9557  0.0151
2413 0.9431  0.0151
2414 0.9370  0.0151
2415 0.9413  0.0151
2416 0.9459  0.0151
2417 0.9563  0.0151
2418 0.9591  0.0151
2419 0.9477  0.0151
2420 0.9446  0.0151
2421 0.9363  0.0151
2422 0.9353  0.0151
2423 0.9454  0.0151
2424 0.9439  0.0151
2425 0.9425  0.0151
2426 0.9491  0.0151
2427 0.9395  0.0151
2428 0.9445  0.0151
2429 0.9567  0.0151
2430 0.9543  0.0151
2431 0.9439  0.0151
2432 0.9376  0.0151
2433 0.9455  0.0151
2434 0.9403  0.0151
2435 0.9460  0.0151
2436 0.9447  0.0151
2437 0.9511  0.0151
2438 0.9589  0.0151
2439 0.9445  0.0151
2440 0.9409  0.0151
2441 0.9382  0.0151
2442 0.9440  0.0151
2443 0.9516  0.0151
2444 0.9627  0.0151
2445 0.9556  0.0151
2446 0.9484  0.0151
2447 0.9502  0.0151
2448 0.9439  0.0151
2449 0.9506  0.0151
2450 0.9438  0.0151
2451 0.9386  0.0151
2452 0.9436  0.0151
2453 0.9350  0.0151
2454 0.9507  0.0151
2455 0.9613  0.0151
2456 0.9492  0.0151
2457 0.9404  0.0151
2458 0.9594  0.0151
2459 0.9691  0.0151
2460 0.9623  0.0151
2461 0.9547  0.0151
2462 0.9487  0.0151
2463 0.9498  0.0151
2464 0.9550  0.0151
2465 0.9422  0.0151
2466 0.9530  0.0151
2467 0.9620  0.0151
2468 0.9556  0.0151
2469 0.9499  0.0151
2470 0.9480  0.0151
2471 0.9579  0.0151
2472 0.9534  0.0151
2473 0.9444  0.0151
2474 0.9568  0.0151
2475 0.9456  0.0151
2476 0.9487  0.0151
2477 0.9558  0.0151
2478 0.9519  0.0151
2479 0.9398  0.0151
2480 0.9551  0.0151
2481 0.9511  0.0151
2482 0.9466  0.0151
2483 0.9457  0.0151
2484 0.9341  0.0151
2485 0.9418  0.0151
2486 0.9427  0.0151
2487 0.9419  0.0151
2488 0.9574  0.0151
2489 0.9439  0.0151
2490 0.9593  0.0151
2491 0.9460  0.0151
2492 0.9598  0.0151
2493 0.9534  0.0151
2494 0.9369  0.0151
2495 0.9370  0.0151
2496 0.9496  0.0151
2497 0.9600  0.0151
2498 0.9582  0.0151
2499 0.9369  0.0151
2500 0.9315  0.0151
