# Spectral Irradiance of Standard Lamp S-1344, in microWatt/cm2 per nanometer
# Wavelength, irradiance, one sigma uncertainty in percent
350 0.8848 1.35
360 1.110 1.25
370 1.374 1.25
380 1.675 1.0
390 2.018 1.0
400 2.402 1.0
450 4.853 1.0
500 8.042 0.75
555 11.93 0.75
600 15.06 0.75
654.6 18.48 0.65
700 20.81 0.65
800 24.11 0.65
900 25.15 0.65
1050 23.78 0.65
1150 21.87 0.27
1200 20.79 0.265
1300 18.57 0.255
1540 13.62 0.24
1600 12.57 0.235
1700 10.95 0.24
2000 7.245 0.25
2100 6.326 0.25
2300 4.845 0.25
2400 4.256 0.555
2500 3.897 4.0
