350 0.34678
352 0.40076
354 0.45496
356 0.50656
358 0.55363
360 0.59583
362 0.63351
364 0.66693
366 0.69645
368 0.72241
370 0.74563
372 0.76696
374 0.78977
376 0.81271
378 0.83236
380 0.85098
382 0.86847
384 0.88443
386 0.89835
388 0.91019
390 0.92034
392 0.92893
394 0.93602
396 0.94203
398 0.94703
400 0.95127
402 0.95490
404 0.95805
406 0.96083
408 0.96323
410 0.96539
412 0.96724
414 0.96891
416 0.97046
418 0.97186
420 0.97311
422 0.97417
424 0.97509
426 0.97606
428 0.97695
430 0.97769
432 0.97838
434 0.97903
436 0.97971
438 0.98028
440 0.98080
442 0.98134
444 0.98182
446 0.98228
448 0.98267
450 0.98305
452 0.98340
454 0.98378
456 0.98417
458 0.98451
460 0.98484
462 0.98513
464 0.98531
466 0.98549
468 0.98573
470 0.98591
472 0.98610
474 0.98628
476 0.98638
478 0.98647
480 0.98660
482 0.98671
484 0.98686
486 0.98708
488 0.98723
490 0.98741
492 0.98767
494 0.98782
496 0.98794
498 0.98815
500 0.98829
502 0.98842
504 0.98857
506 0.98865
508 0.98873
510 0.98877
512 0.98887
514 0.98889
516 0.98889
518 0.98890
520 0.98890
522 0.98892
524 0.98897
526 0.98903
528 0.98909
530 0.98910
532 0.98918
534 0.98922
536 0.98923
538 0.98923
540 0.98925
542 0.98937
544 0.98945
546 0.98937
548 0.98940
550 0.98943
552 0.98942
554 0.98942
556 0.98955
558 0.98952
560 0.98947
562 0.98945
564 0.98939
566 0.98945
568 0.98949
570 0.98945
572 0.98951
574 0.98954
576 0.98948
578 0.98942
580 0.98942
582 0.98939
584 0.98945
586 0.98937
588 0.98934
590 0.98930
592 0.98937
594 0.98944
596 0.98941
598 0.98946
600 0.98946
602 0.98947
604 0.98939
606 0.98933
608 0.98933
610 0.98922
612 0.98914
614 0.98921
616 0.98930
618 0.98935
620 0.98933
622 0.98919
624 0.98912
626 0.98905
628 0.98904
630 0.98908
632 0.98910
634 0.98902
636 0.98886
638 0.98876
640 0.98879
642 0.98900
644 0.98887
646 0.98875
648 0.98873
650 0.98879
652 0.98875
654 0.98868
656 0.98856
658 0.98856
660 0.98843
662 0.98842
664 0.98830
666 0.98834
668 0.98845
670 0.98828
672 0.98814
674 0.98810
676 0.98811
678 0.98808
680 0.98799
682 0.98802
684 0.98806
686 0.98786
688 0.98785
690 0.98787
692 0.98771
694 0.98774
696 0.98770
698 0.98752
700 0.98748
702 0.98764
704 0.98746
706 0.98747
708 0.98745
710 0.98731
712 0.98718
714 0.98706
716 0.98698
718 0.98696
720 0.98700
722 0.98688
724 0.98694
726 0.98680
728 0.98659
730 0.98666
732 0.98644
734 0.98641
736 0.98647
738 0.98635
740 0.98638
742 0.98632
744 0.98619
746 0.98614
748 0.98589
750 0.98602
752 0.98572
754 0.98591
756 0.98574
758 0.98564
760 0.98566
762 0.98548
764 0.98562
766 0.98529
768 0.98531
770 0.98508
772 0.98508
774 0.98498
776 0.98476
778 0.98484
780 0.98451
782 0.98471
784 0.98428
786 0.98452
788 0.98435
790 0.98440
792 0.98401
794 0.98418
796 0.98374
798 0.98387
800 0.98374
802 0.98376
804 0.98354
806 0.98366
808 0.98357
810 0.98348
812 0.98321
814 0.98321
816 0.98295
818 0.98305
820 0.98302
822 0.98291
824 0.98283
826 0.98266
828 0.98250
830 0.98252
832 0.98219
834 0.98225
836 0.98211
838 0.98205
840 0.98188
842 0.98201
844 0.98164
846 0.98152
848 0.98137
850 0.98160
852 0.98138
854 0.98117
856 0.98130
858 0.98107
860 0.98131
862 0.98079
864 0.98099
866 0.98045
868 0.98063
870 0.98033
872 0.98017
874 0.98032
876 0.97999
878 0.98025
880 0.97965
882 0.97980
884 0.97973
886 0.97932
888 0.97966
890 0.97687
892 0.97657
894 0.97624
896 0.97601
898 0.97598
900 0.97581
902 0.97565
904 0.97563
906 0.97543
908 0.97531
910 0.97514
912 0.97507
914 0.97486
916 0.97466
918 0.97452
920 0.97426
922 0.97412
924 0.97393
926 0.97380
928 0.97363
930 0.97342
932 0.97333
934 0.97320
936 0.97299
938 0.97281
940 0.97264
942 0.97249
944 0.97233
946 0.97219
948 0.97208
950 0.97197
952 0.97183
954 0.97168
956 0.97146
958 0.97130
960 0.97121
962 0.97105
964 0.97093
966 0.97084
968 0.97069
970 0.97056
972 0.97046
974 0.97026
976 0.97016
978 0.97015
980 0.97005
982 0.96981
984 0.96975
986 0.96975
988 0.96953
990 0.96936
992 0.96923
994 0.96914
996 0.96910
998 0.96890
1000 0.96880
1002 0.96885
1004 0.96875
1006 0.96864
1008 0.96855
1010 0.96846
1012 0.96839
1014 0.96832
1016 0.96813
1018 0.96800
1020 0.96798
1022 0.96796
1024 0.96786
1026 0.96777
1028 0.96768
1030 0.96756
1032 0.96753
1034 0.96731
1036 0.96722
1038 0.96730
1040 0.96715
1042 0.96712
1044 0.96718
1046 0.96704
1048 0.96698
1050 0.96693
1052 0.96684
1054 0.96675
1056 0.96674
1058 0.96677
1060 0.96669
1062 0.96651
1064 0.96640
1066 0.96645
1068 0.96637
1070 0.96622
1072 0.96615
1074 0.96626
1076 0.96641
1078 0.96639
1080 0.96629
1082 0.96621
1084 0.96606
1086 0.96600
1088 0.96595
1090 0.96591
1092 0.96596
1094 0.96602
1096 0.96585
1098 0.96562
1100 0.96558
1102 0.96543
1104 0.96553
1106 0.96563
1108 0.96558
1110 0.96546
1112 0.96528
1114 0.96531
1116 0.96534
1118 0.96534
1120 0.96535
1122 0.96522
1124 0.96509
1126 0.96507
1128 0.96520
1130 0.96526
1132 0.96525
1134 0.96529
1136 0.96535
1138 0.96531
1140 0.96520
1142 0.96524
1144 0.96528
1146 0.96530
1148 0.96536
1150 0.96547
1152 0.96554
1154 0.96552
1156 0.96560
1158 0.96551
1160 0.96541
1162 0.96550
1164 0.96552
1166 0.96551
1168 0.96554
1170 0.96554
1172 0.96559
1174 0.96570
1176 0.96572
1178 0.96574
1180 0.96592
1182 0.96587
1184 0.96589
1186 0.96608
1188 0.96596
1190 0.96592
1192 0.96588
1194 0.96588
1196 0.96598
1198 0.96605
1200 0.96609
1202 0.96601
1204 0.96585
1206 0.96578
1208 0.96585
1210 0.96602
1212 0.96613
1214 0.96608
1216 0.96610
1218 0.96631
1220 0.96642
1222 0.96636
1224 0.96642
1226 0.96651
1228 0.96648
1230 0.96639
1232 0.96645
1234 0.96658
1236 0.96659
1238 0.96655
1240 0.96653
1242 0.96666
1244 0.96665
1246 0.96657
1248 0.96667
1250 0.96698
1252 0.96717
1254 0.96745
1256 0.96764
1258 0.96771
1260 0.96778
1262 0.96770
1264 0.96773
1266 0.96790
1268 0.96799
1270 0.96792
1272 0.96787
1274 0.96789
1276 0.96792
1278 0.96784
1280 0.96786
1282 0.96788
1284 0.96794
1286 0.96794
1288 0.96803
1290 0.96813
1292 0.96825
1294 0.96813
1296 0.96816
1298 0.96818
1300 0.96830
1302 0.96824
1304 0.96824
1306 0.96850
1308 0.96859
1310 0.96877
1312 0.96869
1314 0.96852
1316 0.96861
1318 0.96880
1320 0.96885
1322 0.96891
1324 0.96900
1326 0.96894
1328 0.96885
1330 0.96891
1332 0.96887
1334 0.96902
1336 0.96890
1338 0.96876
1340 0.96859
1342 0.96847
1344 0.96846
1346 0.96834
1348 0.96809
1350 0.96777
1352 0.96767
1354 0.96765
1356 0.96780
1358 0.96781
1360 0.96786
1362 0.96802
1364 0.96830
1366 0.96832
1368 0.96828
1370 0.96836
1372 0.96858
1374 0.96876
1376 0.96880
1378 0.96865
1380 0.96874
1382 0.96912
1384 0.96947
1386 0.96950
1388 0.96954
1390 0.96963
1392 0.96987
1394 0.96999
1396 0.96987
1398 0.96988
1400 0.97010
1402 0.97017
1404 0.97018
1406 0.97025
1408 0.97037
1410 0.97037
1412 0.97044
1414 0.97049
1416 0.97064
1418 0.97067
1420 0.97062
1422 0.97087
1424 0.97110
1426 0.97112
1428 0.97114
1430 0.97131
1432 0.97136
1434 0.97141
1436 0.97148
1438 0.97155
1440 0.97184
1442 0.97203
1444 0.97200
1446 0.97227
1448 0.97262
1450 0.97266
1452 0.97259
1454 0.97256
1456 0.97265
1458 0.97270
1460 0.97286
1462 0.97289
1464 0.97302
1466 0.97303
1468 0.97302
1470 0.97284
1472 0.97321
1474 0.97325
1476 0.97309
1478 0.97324
1480 0.97337
1482 0.97365
1484 0.97364
1486 0.97373
1488 0.97370
1490 0.97364
1492 0.97365
1494 0.97373
1496 0.97375
1498 0.97401
1500 0.97415
1502 0.97404
1504 0.97392
1506 0.97421
1508 0.97450
1510 0.97447
1512 0.97453
1514 0.97462
1516 0.97466
1518 0.97468
1520 0.97467
1522 0.97477
1524 0.97497
1526 0.97491
1528 0.97497
1530 0.97514
1532 0.97517
1534 0.97533
1536 0.97549
1538 0.97528
1540 0.97509
1542 0.97515
1544 0.97534
1546 0.97545
1548 0.97546
1550 0.97545
1552 0.97557
1554 0.97573
1556 0.97562
1558 0.97566
1560 0.97595
1562 0.97603
1564 0.97610
1566 0.97603
1568 0.97611
1570 0.97614
1572 0.97635
1574 0.97625
1576 0.97639
1578 0.97626
1580 0.97627
1582 0.97632
1584 0.97646
1586 0.97645
1588 0.97655
1590 0.97645
1592 0.97657
1594 0.97670
1596 0.97669
1598 0.97651
1600 0.97679
1602 0.97674
1604 0.97676
1606 0.97680
1608 0.97705
1610 0.97700
1612 0.97704
1614 0.97698
1616 0.97700
1618 0.97688
1620 0.97718
1622 0.97728
1624 0.97725
1626 0.97743
1628 0.97753
1630 0.97762
1632 0.97788
1634 0.97792
1636 0.97784
1638 0.97791
1640 0.97803
1642 0.97803
1644 0.97800
1646 0.97810
1648 0.97809
1650 0.97822
1652 0.97809
1654 0.97818
1656 0.97826
1658 0.97828
1660 0.97837
1662 0.97850
1664 0.97843
1666 0.97818
1668 0.97825
1670 0.97829
1672 0.97837
1674 0.97849
1676 0.97835
1678 0.97825
1680 0.97861
1682 0.97850
1684 0.97859
1686 0.97875
1688 0.97874
1690 0.97863
1692 0.97880
1694 0.97886
1696 0.97882
1698 0.97880
1700 0.97892
1702 0.97892
1704 0.97903
1706 0.97900
1708 0.97939
1710 0.97935
1712 0.97943
1714 0.97949
1716 0.97923
1718 0.97940
1720 0.97935
1722 0.97957
1724 0.97964
1726 0.97972
1728 0.97973
1730 0.97965
1732 0.97974
1734 0.97993
1736 0.97986
1738 0.97999
1740 0.98000
1742 0.97997
1744 0.98013
1746 0.98012
1748 0.98016
1750 0.98030
1752 0.98032
1754 0.98037
1756 0.98042
1758 0.98050
1760 0.98045
1762 0.98026
1764 0.98025
1766 0.98045
1768 0.98053
1770 0.98063
1772 0.98070
1774 0.98062
1776 0.98076
1778 0.98077
1780 0.98079
1782 0.98081
1784 0.98068
1786 0.98062
1788 0.98066
1790 0.98039
1792 0.98015
1794 0.97999
1796 0.98005
1798 0.98004
1800 0.97984
1802 0.97982
1804 0.97965
1806 0.97961
1808 0.97939
1810 0.97925
1812 0.97945
1814 0.97944
1816 0.97962
1818 0.97944
1820 0.97953
1822 0.97946
1824 0.97950
1826 0.97939
1828 0.97945
1830 0.97957
1832 0.97964
1834 0.97973
1836 0.97971
1838 0.98007
1840 0.98020
1842 0.98040
1844 0.98048
1846 0.98049
1848 0.98067
1850 0.98075
1852 0.98098
1854 0.98082
1856 0.98057
1858 0.98052
1860 0.98054
1862 0.98063
1864 0.98072
1866 0.98068
1868 0.98092
1870 0.98135
1872 0.98159
1874 0.98198
1876 0.98210
1878 0.98193
1880 0.98196
1882 0.98191
1884 0.98173
1886 0.98159
1888 0.98153
1890 0.98148
1892 0.98152
1894 0.98177
1896 0.98181
1898 0.98169
1900 0.98176
1902 0.98191
1904 0.98204
1906 0.98220
1908 0.98219
1910 0.98231
1912 0.98232
1914 0.98243
1916 0.98261
1918 0.98255
1920 0.98269
1922 0.98299
1924 0.98304
1926 0.98321
1928 0.98314
1930 0.98330
1932 0.98330
1934 0.98341
1936 0.98319
1938 0.98325
1940 0.98342
1942 0.98342
1944 0.98330
1946 0.98317
1948 0.98317
1950 0.98341
1952 0.98335
1954 0.98347
1956 0.98339
1958 0.98327
1960 0.98348
1962 0.98341
1964 0.98359
1966 0.98375
1968 0.98375
1970 0.98371
1972 0.98408
1974 0.98400
1976 0.98400
1978 0.98410
1980 0.98406
1982 0.98410
1984 0.98398
1986 0.98407
1988 0.98420
1990 0.98430
1992 0.98454
1994 0.98438
1996 0.98445
1998 0.98444
2000 0.98445
2008 0.97263
2016 0.97273
2024 0.97263
2032 0.97243
2040 0.97224
2048 0.97204
2056 0.97195
2064 0.97204
2072 0.97204
2080 0.97195
2088 0.97175
2096 0.97175
2104 0.97195
2112 0.97214
2120 0.97224
2128 0.97234
2136 0.97224
2144 0.97214
2152 0.97224
2160 0.97243
2168 0.97263
2176 0.97273
2184 0.97273
2192 0.97273
2200 0.97263
2208 0.97263
2216 0.97263
2224 0.97263
2232 0.97263
2240 0.97263
2248 0.97263
2256 0.97263
2264 0.97263
2272 0.97273
2280 0.97283
2288 0.97283
2296 0.97292
2304 0.97312
2312 0.97331
2320 0.97331
2328 0.97331
2336 0.97312
2344 0.97292
2352 0.97292
2360 0.97292
2368 0.97302
2376 0.97322
2384 0.97331
2392 0.97341
2400 0.97341
2408 0.97331
2416 0.97322
2424 0.97312
2432 0.97312
2440 0.97322
2448 0.97322
2456 0.97322
2464 0.97322
2472 0.97322
2480 0.97312
2488 0.97312
2496 0.97312
2504 0.97312
2512 0.97322
2520 0.97331
2528 0.97351
2536 0.97361
2544 0.97390
