0 0.0002383095   0.01
1 0.0002383095   0.01
2 0.0002383095   0.01
3 0.0002383095   0.01
4 0.0002383095   0.01
5 0.0002383095   0.01
6 0.0002383095   0.01
7 0.0002383095   0.01
8 0.0002383095   0.01
9 0.0002383095   0.01
10 0.0002383095   0.01
11 0.0002383095   0.01
12 0.0002383095   0.01
13 0.0002383095   0.01
14 0.0002383095   0.01
15 0.0002383095   0.01
16 0.0002383095   0.01
17 0.0002383095   0.01
18 0.0002383095   0.01
19 0.0002383095   0.01
20 0.0002383095   0.01
21 0.0002383095   0.01
22 0.0002383095   0.01
23 0.0002383095   0.01
24 0.0001692656   0.01
25 0.0001492966   0.01
26 0.0001370968   0.01
27 0.0001257597   0.01
28 0.0001230903   0.01
29 0.0001199578   0.01
30 0.0001189644   0.01
31 0.0001171998   0.01
32 0.0001165718   0.01
33 0.0001159015   0.01
34 0.0001157558   0.01
35 0.0001144508   0.01
36 0.0001145991   0.01
37 0.0001138013   0.01
38 0.0001136102   0.01
39 0.0001131765   0.01
40 0.0001127740   0.01
41 0.0001132858   0.01
42 0.0001132301   0.01
43 0.0001127905   0.01
44 0.0001124106   0.01
45 0.0001121057   0.01
46 0.0001118407   0.01
47 0.0001117939   0.01
48 0.0001120173   0.01
49 0.0001121044   0.01
50 0.0001117196   0.01
51 0.0001116940   0.01
52 0.0001119035   0.01
53 0.0001117075   0.01
54 0.0001121410   0.01
55 0.0001128273   0.01
56 0.0001132355   0.01
57 0.0001125918   0.01
58 0.0001128912   0.01
59 0.0001122927   0.01
60 0.0001122662   0.01
61 0.0001132419   0.01
62 0.0001131993   0.01
63 0.0001130530   0.01
64 0.0001131802   0.01
65 0.0001134384   0.01
66 0.0001130988   0.01
67 0.0001136089   0.01
68 0.0001138895   0.01
69 0.0001141233   0.01
70 0.0001134543   0.01
71 0.0001128692   0.01
72 0.0001121228   0.01
73 0.0001123976   0.01
74 0.0001127560   0.01
75 0.0001128236   0.01
76 0.0001131411   0.01
77 0.0001133951   0.01
78 0.0001139335   0.01
79 0.0001145194   0.01
80 0.0001147276   0.01
81 0.0001150475   0.01
82 0.0001150435   0.01
83 0.0001153735   0.01
84 0.0001162258   0.01
85 0.0001166993   0.01
86 0.0001167545   0.01
87 0.0001168180   0.01
88 0.0001171266   0.01
89 0.0001175688   0.01
90 0.0001173582   0.01
91 0.0001177471   0.01
92 0.0001186019   0.01
93 0.0001197780   0.01
94 0.0001200361   0.01
95 0.0001204975   0.01
96 0.0001196165   0.01
97 0.0001202702   0.01
98 0.0001202859   0.01
99 0.0001213111   0.01
100 0.0001223774   0.01
101 0.0001230023   0.01
102 0.0001235584   0.01
103 0.0001243653   0.01
104 0.0001250622   0.01
105 0.0001265148   0.01
106 0.0001291009   0.01
107 0.0001323872   0.01
108 0.0001365966   0.01
109 0.0001388499   0.01
110 0.0001412102   0.01
111 0.0001429998   0.01
112 0.0001366603   0.01
113 0.0001361716   0.01
114 0.0001430275   0.01
115 0.0001564575   0.01
116 0.0001458701   0.01
117 0.0001464839   0.01
118 0.0001496492   0.01
119 0.0001537755   0.01
120 0.0001535252   0.01
121 0.0001494646   0.01
122 0.0001467604   0.01
123 0.0001423057   0.01
124 0.0001406986   0.01
125 0.0001412391   0.01
126 0.0001420949   0.01
127 0.0001428580   0.01
128 0.0001439459   0.01
129 0.0001445411   0.01
130 0.0001456894   0.01
131 0.0001468503   0.01
132 0.0001482671   0.01
133 0.0001505119   0.01
134 0.0001524477   0.01
135 0.0001527285   0.01
136 0.0001554447   0.01
137 0.0001585072   0.01
138 0.0001591237   0.01
139 0.0001598768   0.01
140 0.0001623827   0.01
141 0.0001636040   0.01
142 0.0001658193   0.01
143 0.0001678847   0.01
144 0.0001715231   0.01
145 0.0001716508   0.01
146 0.0001756444   0.01
147 0.0001789389   0.01
148 0.0001798634   0.01
149 0.0001820317   0.01
150 0.0001840585   0.01
151 0.0001889536   0.01
152 0.0001913620   0.01
153 0.0001952249   0.01
154 0.0001944336   0.01
155 0.0001976501   0.01
156 0.0002030292   0.01
157 0.0002090060   0.01
158 0.0002116932   0.01
159 0.0002154242   0.01
160 0.0002170651   0.01
161 0.0002226984   0.01
162 0.0002277586   0.01
163 0.0002315155   0.01
164 0.0002349914   0.01
165 0.0002402860   0.01
166 0.0002454153   0.01
167 0.0002535577   0.01
168 0.0002568947   0.01
169 0.0002660478   0.01
170 0.0002652114   0.01
171 0.0002738310   0.01
172 0.0002818737   0.01
173 0.0002912962   0.01
174 0.0002973713   0.01
175 0.0003051553   0.01
176 0.0003193597   0.01
177 0.0003280744   0.01
178 0.0003418325   0.01
179 0.0003536090   0.01
180 0.0003700716   0.01
181 0.0003856486   0.01
182 0.0003999473   0.01
183 0.0004338631   0.01
184 0.0004035980   0.01
185 0.0003315983   0.01
186 0.0004268536   0.01
187 0.0012682361   0.01
188 0.0006788082   0.01
189 0.0004883979   0.01
190 0.0004828259   0.01
191 0.0004934338   0.01
192 0.0004978255   0.01
193 0.0005034974   0.01
194 0.0004921071   0.01
195 0.0004737806   0.01
196 0.0004819096   0.01
197 0.0004941679   0.01
198 0.0005118350   0.01
199 0.0005369314   0.01
200 0.0005643636   0.01
201 0.0005809578   0.01
202 0.0005878468   0.01
203 0.0006043816   0.01
204 0.0006188889   0.01
205 0.0006340019   0.01
206 0.0006456680   0.01
207 0.0006747710   0.01
208 0.0006653142   0.01
209 0.0006795201   0.01
210 0.0006866573   0.01
211 0.0007102836   0.01
212 0.0007134636   0.01
213 0.0007227667   0.01
214 0.0007310217   0.01
215 0.0007410362   0.01
216 0.0007441546   0.01
217 0.0007489429   0.01
218 0.0007450606   0.01
219 0.0007386669   0.01
220 0.0007226509   0.01
221 0.0007477794   0.01
222 0.0007332666   0.01
223 0.0007199852   0.01
224 0.0007085845   0.01
225 0.0007119876   0.01
226 0.0007099055   0.01
227 0.0006982990   0.01
228 0.0006764957   0.01
229 0.0006655472   0.01
230 0.0006598241   0.01
231 0.0006493059   0.01
232 0.0006302700   0.01
233 0.0006223042   0.01
234 0.0006257597   0.01
235 0.0006139709   0.01
236 0.0005989360   0.01
237 0.0005857491   0.01
238 0.0005923127   0.01
239 0.0005788092   0.01
240 0.0005627438   0.01
241 0.0005577395   0.01
242 0.0005416658   0.01
243 0.0005338726   0.01
244 0.0005350744   0.01
245 0.0005304851   0.01
246 0.0005207934   0.01
247 0.0005184581   0.01
248 0.0005112174   0.01
249 0.0005245444   0.01
250 0.0005110638   0.01
251 0.0005196387   0.01
252 0.0005136640   0.01
253 0.0005187690   0.01
254 0.0005149891   0.01
255 0.0005165008   0.01
256 0.0005221818   0.01
257 0.0005238227   0.01
258 0.0005212601   0.01
259 0.0005275694   0.01
260 0.0005313629   0.01
261 0.0005415470   0.01
262 0.0005427297   0.01
263 0.0005512975   0.01
264 0.0005544772   0.01
265 0.0005781680   0.01
266 0.0006023803   0.01
267 0.0006403701   0.01
268 0.0006667744   0.01
269 0.0006819250   0.01
270 0.0006717521   0.01
271 0.0007496686   0.01
272 0.0009412449   0.01
273 0.0008437367   0.01
274 0.0007750068   0.01
275 0.0007749168   0.01
276 0.0007722284   0.01
277 0.0007685885   0.01
278 0.0007509598   0.01
279 0.0007177647   0.01
280 0.0006911835   0.01
281 0.0006994277   0.01
282 0.0007047734   0.01
283 0.0007053939   0.01
284 0.0006972711   0.01
285 0.0006782784   0.01
286 0.0006703973   0.01
287 0.0006651000   0.01
288 0.0006625537   0.01
289 0.0006561226   0.01
290 0.0006521011   0.01
291 0.0006441838   0.01
292 0.0006413170   0.01
293 0.0006426619   0.01
294 0.0006486252   0.01
295 0.0006518802   0.01
296 0.0006576331   0.01
297 0.0006658793   0.01
298 0.0006812949   0.01
299 0.0006956456   0.01
300 0.0007019373   0.01
301 0.0007058665   0.01
302 0.0007197633   0.01
303 0.0007305852   0.01
304 0.0007313203   0.01
305 0.0007374587   0.01
306 0.0007391797   0.01
307 0.0007393595   0.01
308 0.0007487686   0.01
309 0.0007538358   0.01
310 0.0007612613   0.01
311 0.0007933783   0.01
312 0.0008067781   0.01
313 0.0008067781   0.01
314 0.0008067781   0.01
315 0.0008067781   0.01
316 0.0008067781   0.01
317 0.0008067781   0.01
318 0.0008067781   0.01
319 0.0008067781   0.01
320 0.0008067781   0.01
321 0.0008067781   0.01
322 0.0008067781   0.01
323 0.0008067781   0.01
324 0.0008067781   0.01
325 0.0008067781   0.01
326 0.0008067781   0.01
327 0.0008067781   0.01
