0.00000000 2.67929564 0.00734672
1.00000000 2.67193173 0.00735877
2.00000000 2.66456721 0.00737072
3.00000000 2.65720208 0.00738256
4.00000000 2.64983634 0.00739428
5.00000000 2.64247000 0.00740592
6.00000000 2.63510304 0.00741744
7.00000000 2.62773548 0.00742887
8.00000000 2.62036730 0.00744019
9.00000000 2.61299852 0.00745141
10.00000000 2.60562913 0.00746253
11.00000000 2.59825912 0.00747354
12.00000000 2.59088851 0.00748446
13.00000000 2.58351729 0.00749528
14.00000000 2.57614546 0.00750599
15.00000000 2.56877302 0.00751661
16.00000000 2.56139997 0.00752713
17.00000000 2.55402631 0.00753755
18.00000000 2.54665204 0.00754788
19.00000000 2.53927716 0.00755810
20.00000000 2.53190167 0.00756823
21.00000000 2.52452557 0.00757827
22.00000000 2.51714886 0.00758820
23.00000000 2.50977154 0.00759805
24.00000000 2.50239361 0.00760779
25.00000000 2.49501507 0.00761745
26.00000000 2.48763592 0.00762701
27.00000000 2.48025616 0.00763649
28.00000000 2.47287578 0.00764585
29.00000000 2.46549480 0.00765513
30.00000000 2.45811321 0.00766432
31.00000000 2.45073101 0.00767342
32.00000000 2.44334820 0.00768244
33.00000000 2.43596477 0.00769134
34.00000000 2.42858074 0.00770017
35.00000000 2.42119610 0.00770892
36.00000000 2.41381084 0.00771757
37.00000000 2.40642497 0.00772612
38.00000000 2.39903850 0.00773460
39.00000000 2.39165141 0.00774299
40.00000000 2.38426371 0.00775129
41.00000000 2.37687540 0.00775950
42.00000000 2.36948648 0.00776763
43.00000000 2.36209695 0.00777567
44.00000000 2.35470681 0.00778363
45.00000000 2.34731605 0.00779150
46.00000000 2.33992469 0.00779929
47.00000000 2.33253271 0.00780700
48.00000000 2.32514012 0.00781461
49.00000000 2.31774693 0.00782217
50.00000000 2.31035311 0.00782961
51.00000000 2.30295869 0.00783699
52.00000000 2.29556366 0.00784429
53.00000000 2.28816801 0.00785150
54.00000000 2.28077176 0.00785864
55.00000000 2.27337489 0.00786569
56.00000000 2.26597741 0.00787266
57.00000000 2.25857933 0.00787948
58.00000000 2.25118071 0.00788624
59.00000000 2.24378153 0.00789291
60.00000000 2.23638181 0.00789952
61.00000000 2.22898153 0.00790604
62.00000000 2.22158070 0.00791249
63.00000000 2.21417932 0.00791886
64.00000000 2.20677739 0.00792515
65.00000000 2.19937491 0.00793137
66.00000000 2.19197188 0.00793753
67.00000000 2.18456829 0.00794359
68.00000000 2.17716416 0.00794960
69.00000000 2.16975947 0.00795552
70.00000000 2.16235424 0.00796138
71.00000000 2.15494845 0.00796717
72.00000000 2.14754211 0.00797288
73.00000000 2.14013522 0.00797852
74.00000000 2.13272778 0.00798409
75.00000000 2.12531979 0.00798960
76.00000000 2.11791124 0.00799502
77.00000000 2.11050215 0.00800039
78.00000000 2.10309250 0.00800569
79.00000000 2.09568230 0.00801091
80.00000000 2.08827155 0.00801607
81.00000000 2.08086025 0.00802117
82.00000000 2.07344840 0.00802620
83.00000000 2.06603599 0.00803115
84.00000000 2.05862304 0.00803606
85.00000000 2.05120953 0.00804089
86.00000000 2.04379547 0.00804567
87.00000000 2.03638085 0.00805036
88.00000000 2.02896569 0.00805500
89.00000000 2.02154998 0.00805953
90.00000000 2.01413376 0.00806393
91.00000000 2.00671709 0.00806829
92.00000000 1.99929996 0.00807258
93.00000000 1.99188237 0.00807682
94.00000000 1.98446431 0.00808098
95.00000000 1.97704580 0.00808509
96.00000000 1.96962683 0.00808916
97.00000000 1.96220739 0.00809314
98.00000000 1.95478750 0.00809707
99.00000000 1.94736715 0.00810096
100.00000000 1.93994633 0.00810477
101.00000000 1.93252506 0.00810853
102.00000000 1.92510333 0.00811225
103.00000000 1.91768113 0.00811589
104.00000000 1.91025848 0.00811950
105.00000000 1.90283536 0.00812303
106.00000000 1.89541179 0.00812652
107.00000000 1.88798775 0.00812995
108.00000000 1.88056325 0.00813332
109.00000000 1.87313830 0.00813666
110.00000000 1.86571288 0.00813993
111.00000000 1.85828700 0.00814315
112.00000000 1.85086066 0.00814632
113.00000000 1.84343386 0.00814944
114.00000000 1.83600660 0.00815251
115.00000000 1.82857888 0.00815553
116.00000000 1.82115070 0.00815850
117.00000000 1.81372206 0.00816144
118.00000000 1.80629295 0.00816430
119.00000000 1.79886339 0.00816712
120.00000000 1.79143337 0.00816991
121.00000000 1.78400288 0.00817264
122.00000000 1.77657193 0.00817525
123.00000000 1.76914059 0.00817783
124.00000000 1.76170884 0.00818035
125.00000000 1.75427670 0.00818283
126.00000000 1.74684416 0.00818528
127.00000000 1.73941121 0.00818767
128.00000000 1.73197787 0.00819002
129.00000000 1.72454413 0.00819234
130.00000000 1.71710998 0.00819459
131.00000000 1.70967544 0.00819682
132.00000000 1.70224050 0.00819900
133.00000000 1.69480516 0.00820114
134.00000000 1.68736942 0.00820325
135.00000000 1.67993328 0.00820531
136.00000000 1.67249674 0.00820734
137.00000000 1.66505979 0.00820932
138.00000000 1.65762245 0.00821125
139.00000000 1.65018472 0.00821317
140.00000000 1.64274658 0.00821505
141.00000000 1.63530804 0.00821688
142.00000000 1.62786910 0.00821868
143.00000000 1.62042976 0.00822044
144.00000000 1.61299002 0.00822217
145.00000000 1.60554988 0.00822386
146.00000000 1.59810934 0.00822552
147.00000000 1.59066840 0.00822715
148.00000000 1.58322706 0.00822874
149.00000000 1.57578532 0.00823030
150.00000000 1.56834318 0.00823182
151.00000000 1.56090065 0.00823333
152.00000000 1.55345771 0.00823479
153.00000000 1.54601437 0.00823623
154.00000000 1.53857063 0.00823760
155.00000000 1.53112652 0.00823891
156.00000000 1.52368207 0.00824019
157.00000000 1.51623728 0.00824144
158.00000000 1.50879215 0.00824265
159.00000000 1.50134669 0.00824386
160.00000000 1.49390088 0.00824501
161.00000000 1.48645474 0.00824615
162.00000000 1.47900826 0.00824727
163.00000000 1.47156144 0.00824836
164.00000000 1.46411428 0.00824943
165.00000000 1.45666678 0.00825047
166.00000000 1.44921894 0.00825147
167.00000000 1.44177077 0.00825247
168.00000000 1.43432226 0.00825345
169.00000000 1.42687340 0.00825439
170.00000000 1.41942421 0.00825531
171.00000000 1.41197468 0.00825622
172.00000000 1.40452481 0.00825710
173.00000000 1.39707460 0.00825796
174.00000000 1.38962406 0.00825881
175.00000000 1.38217317 0.00825963
176.00000000 1.37472195 0.00826044
177.00000000 1.36727038 0.00826122
178.00000000 1.35981848 0.00826199
179.00000000 1.35236624 0.00826274
180.00000000 1.34491366 0.00826348
181.00000000 1.33746074 0.00826420
182.00000000 1.33000748 0.00826490
183.00000000 1.32255388 0.00826559
184.00000000 1.31509994 0.00826625
185.00000000 1.30764567 0.00826693
186.00000000 1.30019105 0.00826756
187.00000000 1.29273610 0.00826803
188.00000000 1.28528096 0.00826846
189.00000000 1.27782565 0.00826890
190.00000000 1.27037015 0.00826931
191.00000000 1.26291448 0.00826972
192.00000000 1.25545863 0.00827013
193.00000000 1.24800259 0.00827050
194.00000000 1.24054638 0.00827088
195.00000000 1.23308999 0.00827125
196.00000000 1.22563342 0.00827161
197.00000000 1.21817667 0.00827195
198.00000000 1.21071975 0.00827231
199.00000000 1.20326264 0.00827263
200.00000000 1.19580536 0.00827297
201.00000000 1.18834789 0.00827329
202.00000000 1.18089025 0.00827362
203.00000000 1.17343242 0.00827392
204.00000000 1.16597442 0.00827423
205.00000000 1.15851624 0.00827454
206.00000000 1.15105788 0.00827484
207.00000000 1.14359934 0.00827514
208.00000000 1.13614062 0.00827544
209.00000000 1.12868172 0.00827573
210.00000000 1.12122265 0.00827603
211.00000000 1.11376339 0.00827632
212.00000000 1.10630396 0.00827662
213.00000000 1.09884434 0.00827690
214.00000000 1.09138455 0.00827720
215.00000000 1.08392458 0.00827751
216.00000000 1.07646442 0.00827779
217.00000000 1.06900409 0.00827809
218.00000000 1.06154358 0.00827839
219.00000000 1.05408289 0.00827869
220.00000000 1.04662203 0.00827898
221.00000000 1.03916101 0.00827923
222.00000000 1.03169987 0.00827948
223.00000000 1.02423861 0.00827974
224.00000000 1.01677723 0.00828000
225.00000000 1.00931573 0.00828027
226.00000000 1.00185411 0.00828055
227.00000000 0.99439237 0.00828082
228.00000000 0.98693052 0.00828112
229.00000000 0.97946854 0.00828142
230.00000000 0.97200645 0.00828174
231.00000000 0.96454423 0.00828204
232.00000000 0.95708190 0.00828239
233.00000000 0.94961944 0.00828271
234.00000000 0.94215687 0.00828307
235.00000000 0.93469418 0.00828344
236.00000000 0.92723136 0.00828380
237.00000000 0.91976843 0.00828405
238.00000000 0.91230551 0.00828426
239.00000000 0.90484264 0.00828447
240.00000000 0.89737983 0.00828469
241.00000000 0.88991709 0.00828495
242.00000000 0.88245440 0.00828521
243.00000000 0.87499177 0.00828548
244.00000000 0.86752920 0.00828576
245.00000000 0.86006670 0.00828608
246.00000000 0.85260425 0.00828640
247.00000000 0.84514186 0.00828674
248.00000000 0.83767953 0.00828711
249.00000000 0.83021726 0.00828748
250.00000000 0.82275505 0.00828787
251.00000000 0.81529291 0.00828830
252.00000000 0.80783082 0.00828874
253.00000000 0.80036879 0.00828920
254.00000000 0.79290682 0.00828944
255.00000000 0.78544513 0.00828966
256.00000000 0.77798375 0.00828993
257.00000000 0.77052266 0.00829020
258.00000000 0.76306188 0.00829052
259.00000000 0.75560139 0.00829085
260.00000000 0.74814120 0.00829120
261.00000000 0.74068131 0.00829159
262.00000000 0.73322171 0.00829198
263.00000000 0.72576242 0.00829242
264.00000000 0.71830342 0.00829287
265.00000000 0.71084473 0.00829336
266.00000000 0.70338633 0.00829387
267.00000000 0.69592823 0.00829441
268.00000000 0.68847043 0.00829499
269.00000000 0.68101292 0.00829558
270.00000000 0.67355572 0.00829617
271.00000000 0.66609885 0.00829659
272.00000000 0.65864249 0.00829704
273.00000000 0.65118664 0.00829754
274.00000000 0.64373129 0.00829805
275.00000000 0.63627645 0.00829861
276.00000000 0.62882211 0.00829919
277.00000000 0.62136828 0.00829981
278.00000000 0.61391496 0.00830039
279.00000000 0.60646221 0.00830079
280.00000000 0.59901022 0.00830124
281.00000000 0.59155898 0.00830170
282.00000000 0.58410851 0.00830221
283.00000000 0.57665879 0.00830275
284.00000000 0.56920984 0.00830334
285.00000000 0.56176164 0.00830395
286.00000000 0.55431420 0.00830446
287.00000000 0.54686765 0.00830473
288.00000000 0.53942224 0.00830505
289.00000000 0.53197796 0.00830538
290.00000000 0.52453483 0.00830579
291.00000000 0.51709282 0.00830620
292.00000000 0.50965196 0.00830668
293.00000000 0.50221223 0.00830719
294.00000000 0.49477364 0.00830744
295.00000000 0.48733645 0.00830733
296.00000000 0.47990103 0.00830726
297.00000000 0.47246738 0.00830724
298.00000000 0.46503549 0.00830725
299.00000000 0.45760537 0.00830732
300.00000000 0.45017701 0.00830743
301.00000000 0.44275041 0.00830757
302.00000000 0.43532558 0.00830715
303.00000000 0.42790307 0.00830612
304.00000000 0.42048346 0.00830514
305.00000000 0.41306674 0.00830422
306.00000000 0.40565291 0.00830332
307.00000000 0.39824198 0.00830249
308.00000000 0.39083394 0.00830171
309.00000000 0.38342878 0.00830096
310.00000000 0.37602652 0.00830028
311.00000000 0.36862714 0.00829963
312.00000000 0.36123065 0.00829904
313.00000000 0.35383705 0.00829850
314.00000000 0.34644633 0.00829801
315.00000000 0.33905849 0.00829757
316.00000000 0.33167354 0.00829719
317.00000000 0.32429146 0.00829685
318.00000000 0.31691227 0.00829658
319.00000000 0.30953595 0.00829635
320.00000000 0.30216251 0.00829617
321.00000000 0.29479195 0.00829606
322.00000000 0.28742426 0.00829598
323.00000000 0.28005945 0.00829598
324.00000000 0.27269751 0.00829603
325.00000000 0.26533844 0.00829613
326.00000000 0.25798224 0.00829629
327.00000000 0.25062891 0.00829974
