0.0000000000 2.6653070140 0.0098681110
1.0000000000 2.6578610140 0.0098681110
2.0000000000 2.6504150140 0.0098681110
3.0000000000 2.6429690140 0.0098681110
4.0000000000 2.6355230140 0.0098681110
5.0000000000 2.6280770140 0.0098681110
6.0000000000 2.6206310140 0.0098681110
7.0000000000 2.6131850140 0.0098681110
8.0000000000 2.6057390140 0.0098681110
9.0000000000 2.5982930140 0.0098681110
10.0000000000 2.5908470140 0.0098681110
11.0000000000 2.5834010140 0.0098681110
12.0000000000 2.5759550140 0.0098681110
13.0000000000 2.5685090140 0.0098681110
14.0000000000 2.5610630140 0.0098681110
15.0000000000 2.5536170140 0.0098681110
16.0000000000 2.5461710140 0.0098681110
17.0000000000 2.5387250140 0.0098681110
18.0000000000 2.5312790140 0.0098681110
19.0000000000 2.5238330140 0.0098681110
20.0000000000 2.5163870140 0.0098681110
21.0000000000 2.5089410140 0.0098681110
22.0000000000 2.5014950140 0.0098681110
23.0000000000 2.4940490140 0.0098681110
24.0000000000 2.4866030140 0.0098681110
25.0000000000 2.4791570140 0.0098681110
26.0000000000 2.4717110140 0.0098681110
27.0000000000 2.4642650140 0.0098681110
28.0000000000 2.4568190140 0.0098681110
29.0000000000 2.4493730140 0.0098681110
30.0000000000 2.4419270140 0.0098681110
31.0000000000 2.4344810140 0.0098684110
32.0000000000 2.4270350140 0.0098687210
33.0000000000 2.4195890140 0.0098690310
34.0000000000 2.4121430140 0.0098693310
35.0000000000 2.4046970140 0.0098696410
36.0000000000 2.3972510140 0.0098699510
37.0000000000 2.3898050140 0.0098702510
38.0000000000 2.3823590140 0.0098705610
39.0000000000 2.3749130140 0.0098708710
40.0000000000 2.3674670140 0.0098711710
41.0000000000 2.3600210140 0.0098714810
42.0000000000 2.3525750140 0.0098717910
43.0000000000 2.3451290140 0.0098720910
44.0000000000 2.3376830140 0.0098724010
45.0000000000 2.3302370140 0.0098727110
46.0000000000 2.3227910140 0.0098730110
47.0000000000 2.3153450140 0.0098733210
48.0000000000 2.3078990140 0.0098747010
49.0000000000 2.3004520140 0.0098739310
50.0000000000 2.2930060140 0.0098742410
51.0000000000 2.2855600140 0.0098745510
52.0000000000 2.2781140140 0.0098748510
53.0000000000 2.2706680140 0.0098751610
54.0000000000 2.2632220140 0.0098754710
55.0000000000 2.2557760140 0.0098757710
56.0000000000 2.2483300140 0.0098760810
57.0000000000 2.2408840140 0.0098763910
58.0000000000 2.2334380140 0.0098767010
59.0000000000 2.2259920140 0.0098770010
60.0000000000 2.2185460140 0.0098773110
61.0000000000 2.2111000140 0.0098776210
62.0000000000 2.2036540140 0.0098779210
63.0000000000 2.1962080140 0.0098782310
64.0000000000 2.1887620140 0.0098785410
65.0000000000 2.1813160140 0.0098788410
66.0000000000 2.1738700140 0.0098791510
67.0000000000 2.1664240140 0.0098794610
68.0000000000 2.1589780140 0.0098797610
69.0000000000 2.1515320140 0.0098800710
70.0000000000 2.1440860140 0.0098803810
71.0000000000 2.1366400140 0.0098806810
72.0000000000 2.1291940140 0.0098809910
73.0000000000 2.1217480140 0.0098813010
74.0000000000 2.1143020140 0.0098816010
75.0000000000 2.1068560140 0.0098819110
76.0000000000 2.0994100140 0.0098822210
77.0000000000 2.0919640140 0.0098825210
78.0000000000 2.0845180140 0.0098828310
79.0000000000 2.0770720140 0.0098831410
80.0000000000 2.0696260140 0.0098834410
81.0000000000 2.0621800140 0.0098837510
82.0000000000 2.0547340140 0.0098840610
83.0000000000 2.0472880140 0.0098843610
84.0000000000 2.0398420140 0.0098846710
85.0000000000 2.0323960140 0.0098849810
86.0000000000 2.0249500140 0.0098852810
87.0000000000 2.0175040140 0.0098855910
88.0000000000 2.0100580140 0.0098859010
89.0000000000 2.0026120140 0.0098862010
90.0000000000 1.9951660140 0.0098865110
91.0000000000 1.9877200140 0.0098868210
92.0000000000 1.9802740140 0.0098871310
93.0000000000 1.9728280140 0.0098874310
94.0000000000 1.9653820140 0.0098877410
95.0000000000 1.9579360140 0.0098880510
96.0000000000 1.9504900140 0.0098883510
97.0000000000 1.9430440140 0.0098886610
98.0000000000 1.9355980140 0.0098889710
99.0000000000 1.9281520140 0.0098892710
100.0000000000 1.9207060140 0.0098895810
101.0000000000 1.9132600140 0.0098898910
102.0000000000 1.9058140140 0.0098901910
103.0000000000 1.8983680140 0.0098905010
104.0000000000 1.8909220140 0.0098908110
105.0000000000 1.8834760140 0.0098911110
106.0000000000 1.8760300140 0.0098914210
107.0000000000 1.8685840140 0.0098917310
108.0000000000 1.8611380140 0.0098920310
109.0000000000 1.8536920140 0.0098934210
110.0000000000 1.8462450140 0.0098926510
111.0000000000 1.8387990140 0.0098929510
112.0000000000 1.8313530140 0.0098932610
113.0000000000 1.8239070140 0.0098935710
114.0000000000 1.8164610140 0.0098938710
115.0000000000 1.8090150140 0.0098941810
116.0000000000 1.8015690140 0.0098944910
117.0000000000 1.7941230140 0.0098947910
118.0000000000 1.7866770140 0.0098951010
119.0000000000 1.7792310140 0.0098954110
120.0000000000 1.7717850140 0.0098957110
121.0000000000 1.7643390140 0.0098960210
122.0000000000 1.7568930140 0.0098963310
123.0000000000 1.7494470140 0.0098966310
124.0000000000 1.7420010140 0.0098969410
125.0000000000 1.7345550140 0.0098972510
126.0000000000 1.7271090140 0.0098975510
127.0000000000 1.7196630140 0.0098978610
128.0000000000 1.7122170140 0.0098981710
129.0000000000 1.7047710140 0.0098984810
130.0000000000 1.6973250140 0.0098987810
131.0000000000 1.6898790140 0.0098990910
132.0000000000 1.6824330140 0.0098994010
133.0000000000 1.6749870140 0.0098997010
134.0000000000 1.6675410140 0.0099000110
135.0000000000 1.6600950140 0.0099003210
136.0000000000 1.6526490140 0.0099006210
137.0000000000 1.6452030140 0.0099009310
138.0000000000 1.6377570140 0.0099012410
139.0000000000 1.6303110140 0.0099015410
140.0000000000 1.6228650140 0.0099018510
141.0000000000 1.6154190140 0.0099021610
142.0000000000 1.6079730140 0.0099024610
143.0000000000 1.6005270140 0.0099027710
144.0000000000 1.5930810140 0.0099030810
145.0000000000 1.5856350140 0.0099033810
146.0000000000 1.5781890140 0.0099036910
147.0000000000 1.5707430140 0.0099040010
148.0000000000 1.5632970140 0.0099043010
149.0000000000 1.5558510140 0.0099046110
150.0000000000 1.5484050140 0.0099049210
151.0000000000 1.5409590140 0.0099052210
152.0000000000 1.5335130140 0.0099055310
153.0000000000 1.5260670140 0.0099058410
154.0000000000 1.5186210140 0.0099061410
155.0000000000 1.5111750140 0.0099064510
156.0000000000 1.5037290140 0.0099067610
157.0000000000 1.4962830140 0.0099070610
158.0000000000 1.4888370140 0.0099073710
159.0000000000 1.4813910140 0.0099076810
160.0000000000 1.4739450140 0.0099079810
161.0000000000 1.4664990140 0.0099082910
162.0000000000 1.4590530140 0.0099086010
163.0000000000 1.4516070140 0.0099089110
164.0000000000 1.4441610140 0.0099092110
165.0000000000 1.4367150140 0.0099095210
166.0000000000 1.4292690140 0.0099098310
167.0000000000 1.4218230140 0.0099101310
168.0000000000 1.4143770140 0.0099104410
169.0000000000 1.4069310140 0.0099107510
170.0000000000 1.3994850140 0.0099121310
171.0000000000 1.3920380140 0.0099113610
172.0000000000 1.3845920140 0.0099116710
173.0000000000 1.3771460140 0.0099119710
174.0000000000 1.3697000140 0.0099122810
175.0000000000 1.3622540140 0.0099125910
176.0000000000 1.3548080140 0.0099128910
177.0000000000 1.3473620140 0.0099132010
178.0000000000 1.3399160140 0.0099135110
179.0000000000 1.3324700140 0.0099138110
180.0000000000 1.3250240140 0.0099141210
181.0000000000 1.3175780140 0.0099144310
182.0000000000 1.3101320140 0.0099147310
183.0000000000 1.3026860140 0.0099150410
184.0000000000 1.2952400140 0.0099153510
185.0000000000 1.2877940140 0.0099156510
186.0000000000 1.2803480140 0.0099159610
187.0000000000 1.2729020140 0.0099162710
188.0000000000 1.2654560140 0.0099165710
189.0000000000 1.2580100140 0.0099168810
190.0000000000 1.2505640140 0.0099171910
191.0000000000 1.2431180140 0.0099174910
192.0000000000 1.2356720140 0.0099178010
193.0000000000 1.2282260140 0.0099181110
194.0000000000 1.2207800140 0.0099184110
195.0000000000 1.2133340140 0.0099187210
196.0000000000 1.2058880140 0.0099190310
197.0000000000 1.1984420140 0.0099193410
198.0000000000 1.1909960140 0.0099196410
199.0000000000 1.1835500140 0.0099199510
200.0000000000 1.1761040140 0.0099202610
201.0000000000 1.1686580140 0.0099205610
202.0000000000 1.1612120140 0.0099208710
203.0000000000 1.1537660140 0.0099211810
204.0000000000 1.1463200140 0.0099214810
205.0000000000 1.1388740140 0.0099217910
206.0000000000 1.1314280140 0.0099221010
207.0000000000 1.1239820140 0.0099224010
208.0000000000 1.1165360140 0.0099227110
209.0000000000 1.1090900140 0.0099230210
210.0000000000 1.1016440140 0.0099233210
211.0000000000 1.0941980140 0.0099236310
212.0000000000 1.0867520140 0.0099239410
213.0000000000 1.0793060140 0.0099242410
214.0000000000 1.0718600140 0.0099245510
215.0000000000 1.0644140140 0.0099248610
216.0000000000 1.0569680140 0.0099251610
217.0000000000 1.0495220140 0.0099254710
218.0000000000 1.0420760140 0.0099257810
219.0000000000 1.0346300140 0.0099260810
220.0000000000 1.0271840140 0.0099263910
221.0000000000 1.0197380140 0.0099267010
222.0000000000 1.0122920140 0.0099270010
223.0000000000 1.0048460140 0.0099273110
224.0000000000 0.9974000140 0.0099276210
225.0000000000 0.9899540140 0.0099279210
226.0000000000 0.9825080140 0.0099282310
227.0000000000 0.9750620140 0.0099285410
228.0000000000 0.9676160140 0.0099288410
229.0000000000 0.9601700140 0.0099291510
230.0000000000 0.9527240140 0.0099294610
231.0000000000 0.9452780140 0.0099308510
232.0000000000 0.9378310140 0.0099300710
233.0000000000 0.9303850140 0.0099303810
234.0000000000 0.9229390140 0.0099306910
235.0000000000 0.9154930140 0.0099309910
236.0000000000 0.9080470140 0.0099313010
237.0000000000 0.9006010140 0.0099316110
238.0000000000 0.8931550140 0.0099319110
239.0000000000 0.8857090140 0.0099322210
240.0000000000 0.8782630140 0.0099325310
241.0000000000 0.8708170140 0.0099328310
242.0000000000 0.8633710140 0.0099331410
243.0000000000 0.8559250140 0.0099334510
244.0000000000 0.8484790140 0.0099337510
245.0000000000 0.8410330140 0.0099340610
246.0000000000 0.8335870140 0.0099343710
247.0000000000 0.8261410140 0.0099346710
248.0000000000 0.8186950140 0.0099349810
249.0000000000 0.8112490140 0.0099352910
250.0000000000 0.8038030140 0.0099355910
251.0000000000 0.7963570140 0.0099359010
252.0000000000 0.7889110140 0.0099362110
253.0000000000 0.7814650140 0.0099365110
254.0000000000 0.7740190140 0.0099368210
255.0000000000 0.7665730140 0.0099371310
256.0000000000 0.7591270140 0.0099374310
257.0000000000 0.7516810140 0.0099377410
258.0000000000 0.7442350140 0.0099380510
259.0000000000 0.7367890140 0.0099383510
260.0000000000 0.7293430140 0.0099386610
261.0000000000 0.7218970140 0.0099389710
262.0000000000 0.7144510140 0.0099392710
263.0000000000 0.7070050140 0.0099395810
264.0000000000 0.6995590140 0.0099398910
265.0000000000 0.6921130140 0.0099401910
266.0000000000 0.6846670140 0.0099405010
267.0000000000 0.6772210140 0.0099408110
268.0000000000 0.6697750140 0.0099411210
269.0000000000 0.6623290140 0.0099414210
270.0000000000 0.6548830140 0.0099417310
271.0000000000 0.6474370140 0.0099420410
272.0000000000 0.6399910140 0.0099423410
273.0000000000 0.6325450140 0.0099426510
274.0000000000 0.6250990140 0.0099429610
275.0000000000 0.6176530140 0.0099432610
276.0000000000 0.6102070140 0.0099435710
277.0000000000 0.6027610140 0.0099438810
278.0000000000 0.5953150140 0.0099441810
279.0000000000 0.5878690140 0.0099444910
280.0000000000 0.5804230140 0.0099448010
281.0000000000 0.5729770140 0.0099451010
282.0000000000 0.5655310140 0.0099454110
283.0000000000 0.5580850140 0.0099457210
284.0000000000 0.5506390140 0.0099460210
285.0000000000 0.5431930140 0.0099463310
286.0000000000 0.5357470140 0.0099466410
287.0000000000 0.5283010140 0.0099469410
288.0000000000 0.5208550140 0.0099472510
289.0000000000 0.5134090140 0.0099475610
290.0000000000 0.5059630140 0.0099478610
291.0000000000 0.4985170140 0.0099481710
292.0000000000 0.4910710140 0.0099495610
293.0000000000 0.4836240140 0.0099487810
294.0000000000 0.4761780140 0.0099490910
295.0000000000 0.4687320140 0.0099494010
296.0000000000 0.4612860140 0.0099497010
297.0000000000 0.4538400140 0.0099500110
298.0000000000 0.4463940140 0.0099503210
299.0000000000 0.4389480140 0.0099506210
300.0000000000 0.4315020140 0.0099509310
301.0000000000 0.4240560140 0.0099512410
302.0000000000 0.4166100140 0.0099515510
303.0000000000 0.4091640140 0.0099518510
304.0000000000 0.4017180140 0.0099521610
305.0000000000 0.3942720140 0.0099524710
306.0000000000 0.3868260140 0.0099524710
307.0000000000 0.3793800140 0.0099524710
308.0000000000 0.3719340140 0.0099524710
309.0000000000 0.3644880140 0.0099524710
310.0000000000 0.3570420140 0.0099524710
311.0000000000 0.3495960140 0.0099524710
312.0000000000 0.3421500140 0.0099524710
313.0000000000 0.3347040140 0.0099524710
314.0000000000 0.3272580140 0.0099524710
315.0000000000 0.3198120140 0.0099524710
316.0000000000 0.3123660140 0.0099524710
317.0000000000 0.3049200140 0.0099524710
318.0000000000 0.2974740140 0.0099524710
319.0000000000 0.2900280140 0.0099524710
320.0000000000 0.2825820140 0.0099524710
321.0000000000 0.2751360140 0.0099524710
322.0000000000 0.2676900140 0.0099524710
323.0000000000 0.2602440140 0.0099524710
324.0000000000 0.2527980140 0.0099524710
325.0000000000 0.2453520140 0.0099524710
326.0000000000 0.2382090140 0.0099524710
327.0000000000 0.2312090140 0.0099524710
