0.00000000 -0.00903596 0.00041713
1.00000000 -0.00654828 0.00030039
2.00000000 -0.00224694 0.00010243
3.00000000 0.00225751 0.00010227
4.00000000 0.00839859 0.00037811
5.00000000 0.01326853 0.00059367
6.00000000 0.02220080 0.00098722
7.00000000 0.02928045 0.00129406
8.00000000 0.03646547 0.00160180
9.00000000 0.04284521 0.00187066
10.00000000 0.04866462 0.00211198
11.00000000 0.05325605 0.00229744
12.00000000 0.05998821 0.00257253
13.00000000 0.06448934 0.00274929
14.00000000 0.06832843 0.00289597
15.00000000 0.05975702 0.00251805
16.00000000 0.05846347 0.00244943
17.00000000 0.05389033 0.00224502
18.00000000 0.03201172 0.00132609
19.00000000 0.02194062 0.00090385
20.00000000 0.01537601 0.00062994
21.00000000 0.00443702 0.00018079
22.00000000 0.00043877 0.00001778
23.00000000 0.00010023 0.00000404
24.00000000 0.00007629 0.00000306
25.00000000 0.00007904 0.00000315
26.00000000 0.00008298 0.00000329
27.00000000 0.00008211 0.00000324
28.00000000 0.00008085 0.00000318
29.00000000 0.00008040 0.00000315
30.00000000 0.00008121 0.00000316
31.00000000 0.00008164 0.00000316
32.00000000 0.00007934 0.00000306
33.00000000 0.00008068 0.00000310
34.00000000 0.00008089 0.00000309
35.00000000 0.00008051 0.00000307
36.00000000 0.00008027 0.00000305
37.00000000 0.00008015 0.00000303
38.00000000 0.00008033 0.00000302
39.00000000 0.00008069 0.00000303
40.00000000 0.00007983 0.00000298
41.00000000 0.00007972 0.00000297
42.00000000 0.00008033 0.00000298
43.00000000 0.00008119 0.00000300
44.00000000 0.00008096 0.00000299
45.00000000 0.00008100 0.00000298
46.00000000 0.00008042 0.00000295
47.00000000 0.00008081 0.00000296
48.00000000 0.00008021 0.00000293
49.00000000 0.00008114 0.00000295
50.00000000 0.00008093 0.00000294
51.00000000 0.00008155 0.00000296
52.00000000 0.00008108 0.00000293
53.00000000 0.00008094 0.00000292
54.00000000 0.00008152 0.00000293
55.00000000 0.00008098 0.00000290
56.00000000 0.00008201 0.00000293
57.00000000 0.00008133 0.00000289
58.00000000 0.00008165 0.00000290
59.00000000 0.00008186 0.00000289
60.00000000 0.00008190 0.00000289
61.00000000 0.00008196 0.00000288
62.00000000 0.00008341 0.00000292
63.00000000 0.00008267 0.00000289
64.00000000 0.00008373 0.00000292
65.00000000 0.00008353 0.00000290
66.00000000 0.00008302 0.00000287
67.00000000 0.00008323 0.00000287
68.00000000 0.00008338 0.00000287
69.00000000 0.00008405 0.00000288
70.00000000 0.00008426 0.00000288
71.00000000 0.00008450 0.00000288
72.00000000 0.00008528 0.00000290
73.00000000 0.00008540 0.00000290
74.00000000 0.00008602 0.00000291
75.00000000 0.00008638 0.00000292
76.00000000 0.00008657 0.00000292
77.00000000 0.00008682 0.00000292
78.00000000 0.00008704 0.00000292
79.00000000 0.00008750 0.00000293
80.00000000 0.00008773 0.00000293
81.00000000 0.00008787 0.00000293
82.00000000 0.00008881 0.00000296
83.00000000 0.00008873 0.00000295
84.00000000 0.00008874 0.00000294
85.00000000 0.00008885 0.00000294
86.00000000 0.00008940 0.00000295
87.00000000 0.00009022 0.00000298
88.00000000 0.00009143 0.00000301
89.00000000 0.00009115 0.00000300
90.00000000 0.00009114 0.00000299
91.00000000 0.00009159 0.00000300
92.00000000 0.00009125 0.00000299
93.00000000 0.00009158 0.00000300
94.00000000 0.00009236 0.00000302
95.00000000 0.00009309 0.00000305
96.00000000 0.00009374 0.00000307
97.00000000 0.00009429 0.00000309
98.00000000 0.00009488 0.00000310
99.00000000 0.00009549 0.00000312
100.00000000 0.00009610 0.00000318
101.00000000 0.00009674 0.00000324
102.00000000 0.00009740 0.00000333
103.00000000 0.00009808 0.00000341
104.00000000 0.00009877 0.00000346
105.00000000 0.00009949 0.00000355
106.00000000 0.00010023 0.00000342
107.00000000 0.00010099 0.00000340
108.00000000 0.00010177 0.00000346
109.00000000 0.00010257 0.00000379
110.00000000 0.00010338 0.00000369
111.00000000 0.00010422 0.00000366
112.00000000 0.00010508 0.00000372
113.00000000 0.00010596 0.00000378
114.00000000 0.00010685 0.00000383
115.00000000 0.00010777 0.00000377
116.00000000 0.00010871 0.00000374
117.00000000 0.00010966 0.00000368
118.00000000 0.00011064 0.00000365
119.00000000 0.00011164 0.00000366
120.00000000 0.00011264 0.00000368
121.00000000 0.00011370 0.00000372
122.00000000 0.00011453 0.00000374
123.00000000 0.00011532 0.00000377
124.00000000 0.00011618 0.00000380
125.00000000 0.00011756 0.00000384
126.00000000 0.00011899 0.00000389
127.00000000 0.00012067 0.00000394
128.00000000 0.00012193 0.00000398
129.00000000 0.00012368 0.00000404
130.00000000 0.00012554 0.00000410
131.00000000 0.00012703 0.00000415
132.00000000 0.00012847 0.00000420
133.00000000 0.00012979 0.00000424
134.00000000 0.00013133 0.00000429
135.00000000 0.00013291 0.00000434
136.00000000 0.00013470 0.00000440
137.00000000 0.00013693 0.00000447
138.00000000 0.00013860 0.00000453
139.00000000 0.00014041 0.00000458
140.00000000 0.00014214 0.00000464
141.00000000 0.00014448 0.00000472
142.00000000 0.00014714 0.00000480
143.00000000 0.00014922 0.00000487
144.00000000 0.00015175 0.00000495
145.00000000 0.00015435 0.00000504
146.00000000 0.00015756 0.00000514
147.00000000 0.00016011 0.00000523
148.00000000 0.00016187 0.00000528
149.00000000 0.00016392 0.00000535
150.00000000 0.00016720 0.00000546
151.00000000 0.00017147 0.00000560
152.00000000 0.00017497 0.00000571
153.00000000 0.00017759 0.00000580
154.00000000 0.00018053 0.00000589
155.00000000 0.00018441 0.00000602
156.00000000 0.00018870 0.00000616
157.00000000 0.00019248 0.00000628
158.00000000 0.00019508 0.00000637
159.00000000 0.00019859 0.00000648
160.00000000 0.00020375 0.00000665
161.00000000 0.00020882 0.00000681
162.00000000 0.00021367 0.00000697
163.00000000 0.00021814 0.00000712
164.00000000 0.00022161 0.00000723
165.00000000 0.00022559 0.00000736
166.00000000 0.00023163 0.00000756
167.00000000 0.00023870 0.00000779
168.00000000 0.00024527 0.00000801
169.00000000 0.00025187 0.00000820
170.00000000 0.00025851 0.00000844
171.00000000 0.00026518 0.00000874
172.00000000 0.00027189 0.00000912
173.00000000 0.00027864 0.00000945
174.00000000 0.00028542 0.00000973
175.00000000 0.00029224 0.00001021
176.00000000 0.00029910 0.00001018
177.00000000 0.00030599 0.00001072
178.00000000 0.00031291 0.00001101
179.00000000 0.00031988 0.00001076
180.00000000 0.00032687 0.00001066
181.00000000 0.00033845 0.00001103
182.00000000 0.00035750 0.00001165
183.00000000 0.00037828 0.00001233
184.00000000 0.00036435 0.00001188
185.00000000 0.00032059 0.00001045
186.00000000 0.00039087 0.00001274
187.00000000 0.00118290 0.00003856
188.00000000 0.00072282 0.00002356
189.00000000 0.00047583 0.00001551
190.00000000 0.00045905 0.00001496
191.00000000 0.00046016 0.00001500
192.00000000 0.00046338 0.00001510
193.00000000 0.00046609 0.00001519
194.00000000 0.00045741 0.00001491
195.00000000 0.00044100 0.00001437
196.00000000 0.00043892 0.00001430
197.00000000 0.00045188 0.00001473
198.00000000 0.00046376 0.00001511
199.00000000 0.00047742 0.00001556
200.00000000 0.00048969 0.00001596
201.00000000 0.00049600 0.00001616
202.00000000 0.00049790 0.00001622
203.00000000 0.00050236 0.00001637
204.00000000 0.00050893 0.00001658
205.00000000 0.00051487 0.00001677
206.00000000 0.00052181 0.00001700
207.00000000 0.00052090 0.00001697
208.00000000 0.00051774 0.00001687
209.00000000 0.00052364 0.00001706
210.00000000 0.00052433 0.00001708
211.00000000 0.00052068 0.00001696
212.00000000 0.00051597 0.00001681
213.00000000 0.00050757 0.00001653
214.00000000 0.00050515 0.00001645
215.00000000 0.00050689 0.00001651
216.00000000 0.00050268 0.00001637
217.00000000 0.00049051 0.00001598
218.00000000 0.00048430 0.00001577
219.00000000 0.00048203 0.00001570
220.00000000 0.00047892 0.00001560
221.00000000 0.00046878 0.00001527
222.00000000 0.00046061 0.00001500
223.00000000 0.00045656 0.00001487
224.00000000 0.00045052 0.00001467
225.00000000 0.00044359 0.00001445
226.00000000 0.00043708 0.00001423
227.00000000 0.00043207 0.00001407
228.00000000 0.00043119 0.00001405
229.00000000 0.00042783 0.00001394
230.00000000 0.00042121 0.00001373
231.00000000 0.00041740 0.00001361
232.00000000 0.00042038 0.00001372
233.00000000 0.00041775 0.00001364
234.00000000 0.00040719 0.00001330
235.00000000 0.00040161 0.00001312
236.00000000 0.00039813 0.00001301
237.00000000 0.00039637 0.00001296
238.00000000 0.00039642 0.00001297
239.00000000 0.00039628 0.00001297
240.00000000 0.00039380 0.00001289
241.00000000 0.00039450 0.00001292
242.00000000 0.00039983 0.00001310
243.00000000 0.00040219 0.00001318
244.00000000 0.00040295 0.00001321
245.00000000 0.00040879 0.00001340
246.00000000 0.00041162 0.00001350
247.00000000 0.00041280 0.00001354
248.00000000 0.00042033 0.00001380
249.00000000 0.00042382 0.00001391
250.00000000 0.00043172 0.00001418
251.00000000 0.00043664 0.00001434
252.00000000 0.00044023 0.00001447
253.00000000 0.00044994 0.00001479
254.00000000 0.00045961 0.00001511
255.00000000 0.00046737 0.00001537
256.00000000 0.00046999 0.00001546
257.00000000 0.00047593 0.00001566
258.00000000 0.00048609 0.00001600
259.00000000 0.00049691 0.00001636
260.00000000 0.00050904 0.00001677
261.00000000 0.00052151 0.00001718
262.00000000 0.00053252 0.00001755
263.00000000 0.00054261 0.00001789
264.00000000 0.00055430 0.00001828
265.00000000 0.00057816 0.00001908
266.00000000 0.00060954 0.00002012
267.00000000 0.00063513 0.00002097
268.00000000 0.00065018 0.00002147
269.00000000 0.00065085 0.00002150
270.00000000 0.00066306 0.00002191
271.00000000 0.00120634 0.00003988
272.00000000 0.00118561 0.00003921
273.00000000 0.00077906 0.00002578
274.00000000 0.00067033 0.00002219
275.00000000 0.00065733 0.00002177
276.00000000 0.00064671 0.00002143
277.00000000 0.00063119 0.00002093
278.00000000 0.00060706 0.00002014
279.00000000 0.00057634 0.00001914
280.00000000 0.00057085 0.00001897
281.00000000 0.00057914 0.00001925
282.00000000 0.00059573 0.00001982
283.00000000 0.00061306 0.00002041
284.00000000 0.00062434 0.00002080
285.00000000 0.00063768 0.00002126
286.00000000 0.00065370 0.00002181
287.00000000 0.00067961 0.00002269
288.00000000 0.00071495 0.00002389
289.00000000 0.00074701 0.00002499
290.00000000 0.00077929 0.00002610
291.00000000 0.00081633 0.00002737
292.00000000 0.00085898 0.00002883
293.00000000 0.00089707 0.00003015
294.00000000 0.00093255 0.00003137
295.00000000 0.00097009 0.00003268
296.00000000 0.00102218 0.00003447
297.00000000 0.00106654 0.00003601
298.00000000 0.00110870 0.00003748
299.00000000 0.00116291 0.00003936
300.00000000 0.00122402 0.00004149
301.00000000 0.00128678 0.00004367
302.00000000 0.00136489 0.00004647
303.00000000 0.00145855 0.00004982
304.00000000 0.00157112 0.00005385
305.00000000 0.00174411 0.00005999
306.00000000 0.00191579 0.00006613
307.00000000 0.00204090 0.00007071
308.00000000 0.00214293 0.00007453
309.00000000 0.00225396 0.00007869
310.00000000 0.00273046 0.00009570
311.00000000 0.00715952 0.00025196
312.00000000 0.01300373 0.00045952
313.00000000 0.01419204 0.00050363
314.00000000 0.01455515 0.00051873
315.00000000 0.01696892 0.00060740
316.00000000 0.02036724 0.00073229
317.00000000 0.01910552 0.00069002
318.00000000 0.01569322 0.00056938
319.00000000 0.01209801 0.00044099
320.00000000 0.00961821 0.00035225
321.00000000 0.00817812 0.00030094
322.00000000 0.00634350 0.00023456
323.00000000 0.00450001 0.00016721
324.00000000 0.00386363 0.00014428
325.00000000 0.00231734 0.00008697
326.00000000 0.00156303 0.00005896
327.00000000 0.00129786 0.00004921
