0.00000000 2.69099000 0.00801288
1.00000000 2.68354400 0.00801288
2.00000000 2.67609800 0.00801288
3.00000000 2.66865200 0.00801288
4.00000000 2.66120600 0.00801288
5.00000000 2.65376000 0.00801288
6.00000000 2.64631400 0.00801288
7.00000000 2.63886800 0.00801288
8.00000000 2.63142200 0.00801288
9.00000000 2.62397600 0.00801288
10.00000000 2.61653000 0.00801288
11.00000000 2.60908400 0.00801288
12.00000000 2.60163800 0.00801288
13.00000000 2.59419200 0.00801288
14.00000000 2.58674600 0.00801288
15.00000000 2.57930000 0.00801288
16.00000000 2.57185400 0.00801288
17.00000000 2.56440800 0.00801288
18.00000000 2.55696200 0.00801288
19.00000000 2.54951600 0.00801288
20.00000000 2.54207000 0.00801288
21.00000000 2.53462400 0.00801288
22.00000000 2.52717800 0.00801288
23.00000000 2.51973200 0.00801288
24.00000000 2.51228600 0.00801288
25.00000000 2.50484000 0.00801288
26.00000000 2.49739400 0.00801288
27.00000000 2.48994800 0.00801288
28.00000000 2.48250200 0.00801288
29.00000000 2.47505600 0.00801288
30.00000000 2.46761000 0.00801288
31.00000000 2.46016400 0.00801288
32.00000000 2.45271800 0.00801288
33.00000000 2.44527200 0.00801318
34.00000000 2.43782600 0.00801349
35.00000000 2.43038000 0.00801380
36.00000000 2.42293400 0.00801410
37.00000000 2.41548800 0.00801441
38.00000000 2.40804200 0.00801472
39.00000000 2.40059600 0.00801502
40.00000000 2.39315000 0.00801533
41.00000000 2.38570400 0.00801564
42.00000000 2.37825800 0.00801594
43.00000000 2.37081200 0.00801625
44.00000000 2.36336600 0.00801656
45.00000000 2.35592000 0.00801686
46.00000000 2.34847400 0.00801717
47.00000000 2.34102800 0.00801748
48.00000000 2.33358200 0.00801778
49.00000000 2.32613600 0.00801809
50.00000000 2.31869000 0.00801947
51.00000000 2.31124300 0.00801870
52.00000000 2.30379700 0.00801901
53.00000000 2.29635100 0.00801932
54.00000000 2.28890500 0.00801962
55.00000000 2.28145900 0.00801993
56.00000000 2.27401300 0.00802024
57.00000000 2.26656700 0.00802054
58.00000000 2.25912100 0.00802085
59.00000000 2.25167500 0.00802116
60.00000000 2.24422900 0.00802147
61.00000000 2.23678300 0.00802177
62.00000000 2.22933700 0.00802208
63.00000000 2.22189100 0.00802239
64.00000000 2.21444500 0.00802269
65.00000000 2.20699900 0.00802300
66.00000000 2.19955300 0.00802331
67.00000000 2.19210700 0.00802361
68.00000000 2.18466100 0.00802392
69.00000000 2.17721500 0.00802423
70.00000000 2.16976900 0.00802453
71.00000000 2.16232300 0.00802484
72.00000000 2.15487700 0.00802515
73.00000000 2.14743100 0.00802545
74.00000000 2.13998500 0.00802576
75.00000000 2.13253900 0.00802607
76.00000000 2.12509300 0.00802637
77.00000000 2.11764700 0.00802668
78.00000000 2.11020100 0.00802699
79.00000000 2.10275500 0.00802729
80.00000000 2.09530900 0.00802760
81.00000000 2.08786300 0.00802791
82.00000000 2.08041700 0.00802821
83.00000000 2.07297100 0.00802852
84.00000000 2.06552500 0.00802883
85.00000000 2.05807900 0.00802913
86.00000000 2.05063300 0.00802944
87.00000000 2.04318700 0.00802975
88.00000000 2.03574100 0.00803005
89.00000000 2.02829500 0.00803036
90.00000000 2.02084900 0.00803067
91.00000000 2.01340300 0.00803097
92.00000000 2.00595700 0.00803128
93.00000000 1.99851100 0.00803159
94.00000000 1.99106500 0.00803190
95.00000000 1.98361900 0.00803220
96.00000000 1.97617300 0.00803251
97.00000000 1.96872700 0.00803282
98.00000000 1.96128100 0.00803312
99.00000000 1.95383500 0.00803343
100.00000000 1.94638900 0.00803374
101.00000000 1.93894300 0.00803404
102.00000000 1.93149700 0.00803435
103.00000000 1.92405100 0.00803466
104.00000000 1.91660500 0.00803496
105.00000000 1.90915900 0.00803527
106.00000000 1.90171300 0.00803558
107.00000000 1.89426700 0.00803588
108.00000000 1.88682100 0.00803619
109.00000000 1.87937500 0.00803650
110.00000000 1.87192900 0.00803680
111.00000000 1.86448300 0.00803819
112.00000000 1.85703600 0.00803742
113.00000000 1.84959000 0.00803772
114.00000000 1.84214400 0.00803803
115.00000000 1.83469800 0.00803834
116.00000000 1.82725200 0.00803864
117.00000000 1.81980600 0.00803895
118.00000000 1.81236000 0.00803926
119.00000000 1.80491400 0.00803956
120.00000000 1.79746800 0.00803987
121.00000000 1.79002200 0.00804018
122.00000000 1.78257600 0.00804048
123.00000000 1.77513000 0.00804079
124.00000000 1.76768400 0.00804110
125.00000000 1.76023800 0.00804140
126.00000000 1.75279200 0.00804171
127.00000000 1.74534600 0.00804202
128.00000000 1.73790000 0.00804232
129.00000000 1.73045400 0.00804263
130.00000000 1.72300800 0.00804294
131.00000000 1.71556200 0.00804325
132.00000000 1.70811600 0.00804355
133.00000000 1.70067000 0.00804386
134.00000000 1.69322400 0.00804417
135.00000000 1.68577800 0.00804447
136.00000000 1.67833200 0.00804478
137.00000000 1.67088600 0.00804509
138.00000000 1.66344000 0.00804539
139.00000000 1.65599400 0.00804570
140.00000000 1.64854800 0.00804601
141.00000000 1.64110200 0.00804631
142.00000000 1.63365600 0.00804662
143.00000000 1.62621000 0.00804693
144.00000000 1.61876400 0.00804723
145.00000000 1.61131800 0.00804754
146.00000000 1.60387200 0.00804785
147.00000000 1.59642600 0.00804815
148.00000000 1.58898000 0.00804846
149.00000000 1.58153400 0.00804877
150.00000000 1.57408800 0.00804907
151.00000000 1.56664200 0.00804938
152.00000000 1.55919600 0.00804969
153.00000000 1.55175000 0.00804999
154.00000000 1.54430400 0.00805030
155.00000000 1.53685800 0.00805061
156.00000000 1.52941200 0.00805091
157.00000000 1.52196600 0.00805122
158.00000000 1.51452000 0.00805153
159.00000000 1.50707400 0.00805183
160.00000000 1.49962800 0.00805214
161.00000000 1.49218200 0.00805245
162.00000000 1.48473600 0.00805275
163.00000000 1.47729000 0.00805306
164.00000000 1.46984400 0.00805337
165.00000000 1.46239800 0.00805368
166.00000000 1.45495200 0.00805398
167.00000000 1.44750600 0.00805429
168.00000000 1.44006000 0.00805460
169.00000000 1.43261400 0.00805490
170.00000000 1.42516800 0.00805521
171.00000000 1.41772200 0.00805552
172.00000000 1.41027600 0.00805690
173.00000000 1.40282900 0.00805613
174.00000000 1.39538300 0.00805644
175.00000000 1.38793700 0.00805674
176.00000000 1.38049100 0.00805705
177.00000000 1.37304500 0.00805736
178.00000000 1.36559900 0.00805766
179.00000000 1.35815300 0.00805797
180.00000000 1.35070700 0.00805828
181.00000000 1.34326100 0.00805858
182.00000000 1.33581500 0.00805889
183.00000000 1.32836900 0.00805920
184.00000000 1.32092300 0.00805950
185.00000000 1.31347700 0.00805981
186.00000000 1.30603100 0.00806012
187.00000000 1.29858500 0.00806042
188.00000000 1.29113900 0.00806073
189.00000000 1.28369300 0.00806104
190.00000000 1.27624700 0.00806134
191.00000000 1.26880100 0.00806165
192.00000000 1.26135500 0.00806196
193.00000000 1.25390900 0.00806226
194.00000000 1.24646300 0.00806257
195.00000000 1.23901700 0.00806288
196.00000000 1.23157100 0.00806318
197.00000000 1.22412500 0.00806349
198.00000000 1.21667900 0.00806380
199.00000000 1.20923300 0.00806411
200.00000000 1.20178700 0.00806441
201.00000000 1.19434100 0.00806472
202.00000000 1.18689500 0.00806503
203.00000000 1.17944900 0.00806533
204.00000000 1.17200300 0.00806564
205.00000000 1.16455700 0.00806595
206.00000000 1.15711100 0.00806625
207.00000000 1.14966500 0.00806656
208.00000000 1.14221900 0.00806687
209.00000000 1.13477300 0.00806717
210.00000000 1.12732700 0.00806748
211.00000000 1.11988100 0.00806779
212.00000000 1.11243500 0.00806809
213.00000000 1.10498900 0.00806840
214.00000000 1.09754300 0.00806871
215.00000000 1.09009700 0.00806901
216.00000000 1.08265100 0.00806932
217.00000000 1.07520500 0.00806963
218.00000000 1.06775900 0.00806993
219.00000000 1.06031300 0.00807024
220.00000000 1.05286700 0.00807055
221.00000000 1.04542100 0.00807085
222.00000000 1.03797500 0.00807116
223.00000000 1.03052900 0.00807147
224.00000000 1.02308300 0.00807177
225.00000000 1.01563700 0.00807208
226.00000000 1.00819100 0.00807239
227.00000000 1.00074500 0.00807269
228.00000000 0.99329900 0.00807300
229.00000000 0.98585300 0.00807331
230.00000000 0.97840700 0.00807361
231.00000000 0.97096100 0.00807392
232.00000000 0.96351500 0.00807423
233.00000000 0.95606900 0.00807562
234.00000000 0.94862200 0.00807484
235.00000000 0.94117600 0.00807515
236.00000000 0.93373000 0.00807546
237.00000000 0.92628400 0.00807576
238.00000000 0.91883800 0.00807607
239.00000000 0.91139200 0.00807638
240.00000000 0.90394600 0.00807668
241.00000000 0.89650000 0.00807699
242.00000000 0.88905400 0.00807730
243.00000000 0.88160800 0.00807760
244.00000000 0.87416200 0.00807791
245.00000000 0.86671600 0.00807822
246.00000000 0.85927000 0.00807852
247.00000000 0.85182400 0.00807883
248.00000000 0.84437800 0.00807914
249.00000000 0.83693200 0.00807944
250.00000000 0.82948600 0.00807975
251.00000000 0.82204000 0.00808006
252.00000000 0.81459400 0.00808036
253.00000000 0.80714800 0.00808067
254.00000000 0.79970200 0.00808098
255.00000000 0.79225600 0.00808128
256.00000000 0.78481000 0.00808159
257.00000000 0.77736400 0.00808190
258.00000000 0.76991800 0.00808220
259.00000000 0.76247200 0.00808251
260.00000000 0.75502600 0.00808282
261.00000000 0.74758000 0.00808312
262.00000000 0.74013400 0.00808343
263.00000000 0.73268800 0.00808374
264.00000000 0.72524200 0.00808404
265.00000000 0.71779600 0.00808435
266.00000000 0.71035000 0.00808466
267.00000000 0.70290400 0.00808496
268.00000000 0.69545800 0.00808527
269.00000000 0.68801200 0.00808558
270.00000000 0.68056600 0.00808589
271.00000000 0.67312000 0.00808619
272.00000000 0.66567400 0.00808650
273.00000000 0.65822800 0.00808681
274.00000000 0.65078200 0.00808711
275.00000000 0.64333600 0.00808742
276.00000000 0.63589000 0.00808773
277.00000000 0.62844400 0.00808803
278.00000000 0.62099800 0.00808834
279.00000000 0.61355200 0.00808865
280.00000000 0.60610600 0.00808895
281.00000000 0.59866000 0.00808926
282.00000000 0.59121400 0.00808957
283.00000000 0.58376800 0.00808987
284.00000000 0.57632200 0.00809018
285.00000000 0.56887600 0.00809049
286.00000000 0.56143000 0.00809079
287.00000000 0.55398400 0.00809110
288.00000000 0.54653800 0.00809141
289.00000000 0.53909200 0.00809171
290.00000000 0.53164600 0.00809202
291.00000000 0.52420000 0.00809233
292.00000000 0.51675400 0.00809263
293.00000000 0.50930800 0.00809294
294.00000000 0.50186200 0.00809433
295.00000000 0.49441500 0.00809355
296.00000000 0.48696900 0.00809386
297.00000000 0.47952300 0.00809417
298.00000000 0.47207700 0.00809447
299.00000000 0.46463100 0.00809478
300.00000000 0.45718500 0.00809509
301.00000000 0.44973900 0.00809539
302.00000000 0.44229300 0.00809570
303.00000000 0.43484700 0.00809601
304.00000000 0.42740100 0.00809632
305.00000000 0.41995500 0.00809662
306.00000000 0.41250900 0.00809693
307.00000000 0.40506300 0.00809724
308.00000000 0.39761700 0.00809724
309.00000000 0.39017100 0.00809724
310.00000000 0.38272500 0.00809724
311.00000000 0.37527900 0.00809724
312.00000000 0.36783300 0.00809724
313.00000000 0.36038700 0.00809724
314.00000000 0.35294100 0.00809724
315.00000000 0.34549500 0.00809724
316.00000000 0.33804900 0.00809724
317.00000000 0.33060300 0.00809724
318.00000000 0.32315700 0.00809724
319.00000000 0.31571100 0.00809724
320.00000000 0.30826500 0.00809724
321.00000000 0.30081900 0.00809724
322.00000000 0.29337300 0.00809724
323.00000000 0.28592700 0.00809724
324.00000000 0.27848100 0.00809724
325.00000000 0.27103500 0.00809724
326.00000000 0.26358900 0.00809724
327.00000000 0.25614300 0.00809724
