0.00000000 -0.00640292 0.00029558
1.00000000 -0.00444600 0.00020395
2.00000000 -0.00157767 0.00007192
3.00000000 0.00177955 0.00008062
4.00000000 0.00574298 0.00025855
5.00000000 0.01008653 0.00045130
6.00000000 0.01517782 0.00067492
7.00000000 0.02025526 0.00089519
8.00000000 0.02625944 0.00115349
9.00000000 0.03134240 0.00136844
10.00000000 0.03690999 0.00160184
11.00000000 0.04068007 0.00175492
12.00000000 0.04476351 0.00191963
13.00000000 0.04952093 0.00211116
14.00000000 0.05423969 0.00229885
15.00000000 0.05160384 0.00217449
16.00000000 0.05228957 0.00219076
17.00000000 0.04786901 0.00199418
18.00000000 0.03031752 0.00125591
19.00000000 0.02178164 0.00089730
20.00000000 0.01534660 0.00062874
21.00000000 0.00439301 0.00017900
22.00000000 0.00042570 0.00001725
23.00000000 0.00009931 0.00000400
24.00000000 0.00007572 0.00000304
25.00000000 0.00007837 0.00000313
26.00000000 0.00008233 0.00000327
27.00000000 0.00008144 0.00000322
28.00000000 0.00008020 0.00000315
29.00000000 0.00007965 0.00000312
30.00000000 0.00008054 0.00000314
31.00000000 0.00008096 0.00000314
32.00000000 0.00007865 0.00000303
33.00000000 0.00008003 0.00000307
34.00000000 0.00008022 0.00000307
35.00000000 0.00007988 0.00000304
36.00000000 0.00007955 0.00000302
37.00000000 0.00007944 0.00000300
38.00000000 0.00007956 0.00000299
39.00000000 0.00007999 0.00000300
40.00000000 0.00007917 0.00000296
41.00000000 0.00007905 0.00000294
42.00000000 0.00007966 0.00000296
43.00000000 0.00008048 0.00000298
44.00000000 0.00008025 0.00000296
45.00000000 0.00008025 0.00000295
46.00000000 0.00007969 0.00000292
47.00000000 0.00008013 0.00000293
48.00000000 0.00007954 0.00000290
49.00000000 0.00008052 0.00000293
50.00000000 0.00008026 0.00000292
51.00000000 0.00008082 0.00000293
52.00000000 0.00008033 0.00000291
53.00000000 0.00008020 0.00000289
54.00000000 0.00008083 0.00000291
55.00000000 0.00008035 0.00000288
56.00000000 0.00008136 0.00000291
57.00000000 0.00008072 0.00000287
58.00000000 0.00008104 0.00000288
59.00000000 0.00008123 0.00000287
60.00000000 0.00008128 0.00000287
61.00000000 0.00008141 0.00000286
62.00000000 0.00008281 0.00000290
63.00000000 0.00008207 0.00000287
64.00000000 0.00008306 0.00000289
65.00000000 0.00008293 0.00000288
66.00000000 0.00008247 0.00000285
67.00000000 0.00008267 0.00000285
68.00000000 0.00008286 0.00000285
69.00000000 0.00008356 0.00000287
70.00000000 0.00008377 0.00000287
71.00000000 0.00008402 0.00000287
72.00000000 0.00008476 0.00000289
73.00000000 0.00008484 0.00000288
74.00000000 0.00008547 0.00000290
75.00000000 0.00008574 0.00000290
76.00000000 0.00008590 0.00000290
77.00000000 0.00008621 0.00000290
78.00000000 0.00008643 0.00000290
79.00000000 0.00008688 0.00000291
80.00000000 0.00008718 0.00000291
81.00000000 0.00008735 0.00000291
82.00000000 0.00008828 0.00000294
83.00000000 0.00008820 0.00000293
84.00000000 0.00008817 0.00000292
85.00000000 0.00008829 0.00000292
86.00000000 0.00008893 0.00000294
87.00000000 0.00008978 0.00000296
88.00000000 0.00009093 0.00000300
89.00000000 0.00009063 0.00000298
90.00000000 0.00009056 0.00000297
91.00000000 0.00009100 0.00000299
92.00000000 0.00009071 0.00000297
93.00000000 0.00009117 0.00000298
94.00000000 0.00009202 0.00000301
95.00000000 0.00009270 0.00000303
96.00000000 0.00009327 0.00000305
97.00000000 0.00009389 0.00000307
98.00000000 0.00009443 0.00000309
99.00000000 0.00009525 0.00000312
100.00000000 0.00009586 0.00000318
101.00000000 0.00009656 0.00000324
102.00000000 0.00009727 0.00000334
103.00000000 0.00009799 0.00000341
104.00000000 0.00009872 0.00000347
105.00000000 0.00009947 0.00000353
106.00000000 0.00010024 0.00000340
107.00000000 0.00010102 0.00000339
108.00000000 0.00010181 0.00000350
109.00000000 0.00010261 0.00000381
110.00000000 0.00010343 0.00000365
111.00000000 0.00010427 0.00000366
112.00000000 0.00010512 0.00000372
113.00000000 0.00010598 0.00000379
114.00000000 0.00010685 0.00000381
115.00000000 0.00010774 0.00000375
116.00000000 0.00010865 0.00000373
117.00000000 0.00010957 0.00000366
118.00000000 0.00011050 0.00000364
119.00000000 0.00011145 0.00000365
120.00000000 0.00011236 0.00000367
121.00000000 0.00011342 0.00000371
122.00000000 0.00011409 0.00000373
123.00000000 0.00011496 0.00000376
124.00000000 0.00011587 0.00000379
125.00000000 0.00011740 0.00000384
126.00000000 0.00011882 0.00000388
127.00000000 0.00012042 0.00000393
128.00000000 0.00012177 0.00000398
129.00000000 0.00012351 0.00000403
130.00000000 0.00012536 0.00000410
131.00000000 0.00012672 0.00000414
132.00000000 0.00012815 0.00000419
133.00000000 0.00012953 0.00000423
134.00000000 0.00013110 0.00000428
135.00000000 0.00013265 0.00000433
136.00000000 0.00013451 0.00000439
137.00000000 0.00013675 0.00000447
138.00000000 0.00013834 0.00000452
139.00000000 0.00014014 0.00000458
140.00000000 0.00014200 0.00000464
141.00000000 0.00014439 0.00000471
142.00000000 0.00014694 0.00000480
143.00000000 0.00014908 0.00000487
144.00000000 0.00015163 0.00000495
145.00000000 0.00015427 0.00000504
146.00000000 0.00015738 0.00000514
147.00000000 0.00015988 0.00000522
148.00000000 0.00016162 0.00000528
149.00000000 0.00016380 0.00000535
150.00000000 0.00016728 0.00000546
151.00000000 0.00017155 0.00000560
152.00000000 0.00017481 0.00000571
153.00000000 0.00017744 0.00000579
154.00000000 0.00018050 0.00000589
155.00000000 0.00018447 0.00000602
156.00000000 0.00018871 0.00000616
157.00000000 0.00019230 0.00000627
158.00000000 0.00019486 0.00000636
159.00000000 0.00019873 0.00000648
160.00000000 0.00020405 0.00000666
161.00000000 0.00020902 0.00000682
162.00000000 0.00021372 0.00000697
163.00000000 0.00021817 0.00000712
164.00000000 0.00022149 0.00000723
165.00000000 0.00022593 0.00000737
166.00000000 0.00023206 0.00000757
167.00000000 0.00023917 0.00000780
168.00000000 0.00024569 0.00000801
169.00000000 0.00025224 0.00000821
170.00000000 0.00025883 0.00000847
171.00000000 0.00026546 0.00000878
172.00000000 0.00027212 0.00000915
173.00000000 0.00027882 0.00000948
174.00000000 0.00028555 0.00000979
175.00000000 0.00029232 0.00001020
176.00000000 0.00029912 0.00001022
177.00000000 0.00030596 0.00001079
178.00000000 0.00031283 0.00001097
179.00000000 0.00031974 0.00001070
180.00000000 0.00032669 0.00001065
181.00000000 0.00033897 0.00001105
182.00000000 0.00035943 0.00001172
183.00000000 0.00037865 0.00001234
184.00000000 0.00036482 0.00001189
185.00000000 0.00032114 0.00001047
186.00000000 0.00039112 0.00001275
187.00000000 0.00114744 0.00003740
188.00000000 0.00071337 0.00002325
189.00000000 0.00047458 0.00001547
190.00000000 0.00045782 0.00001492
191.00000000 0.00045895 0.00001496
192.00000000 0.00046265 0.00001508
193.00000000 0.00046589 0.00001518
194.00000000 0.00045615 0.00001487
195.00000000 0.00043948 0.00001432
196.00000000 0.00043788 0.00001427
197.00000000 0.00045023 0.00001467
198.00000000 0.00046211 0.00001506
199.00000000 0.00047628 0.00001552
200.00000000 0.00048755 0.00001589
201.00000000 0.00049276 0.00001606
202.00000000 0.00049481 0.00001612
203.00000000 0.00049968 0.00001628
204.00000000 0.00050616 0.00001649
205.00000000 0.00051208 0.00001668
206.00000000 0.00051828 0.00001688
207.00000000 0.00051522 0.00001678
208.00000000 0.00051439 0.00001676
209.00000000 0.00052010 0.00001694
210.00000000 0.00051876 0.00001690
211.00000000 0.00051580 0.00001680
212.00000000 0.00050978 0.00001661
213.00000000 0.00050235 0.00001636
214.00000000 0.00050115 0.00001632
215.00000000 0.00050244 0.00001637
216.00000000 0.00049612 0.00001616
217.00000000 0.00048512 0.00001580
218.00000000 0.00047999 0.00001563
219.00000000 0.00047787 0.00001556
220.00000000 0.00047379 0.00001543
221.00000000 0.00046319 0.00001509
222.00000000 0.00045649 0.00001487
223.00000000 0.00045218 0.00001473
224.00000000 0.00044625 0.00001453
225.00000000 0.00043955 0.00001431
226.00000000 0.00043354 0.00001412
227.00000000 0.00042904 0.00001397
228.00000000 0.00042893 0.00001397
229.00000000 0.00042433 0.00001383
230.00000000 0.00041863 0.00001365
231.00000000 0.00041566 0.00001356
232.00000000 0.00041963 0.00001369
233.00000000 0.00041432 0.00001352
234.00000000 0.00040497 0.00001322
235.00000000 0.00039959 0.00001305
236.00000000 0.00039690 0.00001297
237.00000000 0.00039533 0.00001293
238.00000000 0.00039576 0.00001295
239.00000000 0.00039474 0.00001292
240.00000000 0.00039276 0.00001286
241.00000000 0.00039460 0.00001292
242.00000000 0.00039929 0.00001308
243.00000000 0.00040149 0.00001316
244.00000000 0.00040284 0.00001321
245.00000000 0.00040808 0.00001338
246.00000000 0.00041035 0.00001346
247.00000000 0.00041248 0.00001353
248.00000000 0.00041935 0.00001376
249.00000000 0.00042317 0.00001389
250.00000000 0.00043129 0.00001416
251.00000000 0.00043494 0.00001429
252.00000000 0.00043979 0.00001445
253.00000000 0.00044979 0.00001478
254.00000000 0.00045888 0.00001509
255.00000000 0.00046612 0.00001533
256.00000000 0.00046884 0.00001542
257.00000000 0.00047583 0.00001566
258.00000000 0.00048600 0.00001600
259.00000000 0.00049718 0.00001637
260.00000000 0.00050910 0.00001677
261.00000000 0.00052159 0.00001719
262.00000000 0.00053195 0.00001753
263.00000000 0.00054183 0.00001787
264.00000000 0.00055346 0.00001826
265.00000000 0.00057709 0.00001904
266.00000000 0.00060720 0.00002004
267.00000000 0.00063187 0.00002086
268.00000000 0.00064598 0.00002134
269.00000000 0.00064787 0.00002141
270.00000000 0.00068057 0.00002249
271.00000000 0.00121787 0.00004027
272.00000000 0.00114161 0.00003776
273.00000000 0.00076963 0.00002546
274.00000000 0.00066567 0.00002203
275.00000000 0.00065426 0.00002167
276.00000000 0.00064352 0.00002133
277.00000000 0.00062963 0.00002088
278.00000000 0.00060303 0.00002001
279.00000000 0.00057510 0.00001910
280.00000000 0.00057203 0.00001901
281.00000000 0.00058081 0.00001931
282.00000000 0.00059808 0.00001990
283.00000000 0.00061513 0.00002048
284.00000000 0.00062609 0.00002086
285.00000000 0.00063985 0.00002133
286.00000000 0.00065672 0.00002191
287.00000000 0.00068362 0.00002282
288.00000000 0.00071905 0.00002403
289.00000000 0.00074808 0.00002503
290.00000000 0.00077962 0.00002611
291.00000000 0.00081592 0.00002736
292.00000000 0.00085612 0.00002874
293.00000000 0.00089203 0.00002998
294.00000000 0.00092491 0.00003112
295.00000000 0.00096091 0.00003237
296.00000000 0.00101255 0.00003415
297.00000000 0.00105230 0.00003553
298.00000000 0.00109665 0.00003708
299.00000000 0.00115070 0.00003895
300.00000000 0.00121086 0.00004104
301.00000000 0.00127484 0.00004327
302.00000000 0.00135127 0.00004601
303.00000000 0.00144343 0.00004931
304.00000000 0.00155814 0.00005341
305.00000000 0.00172873 0.00005946
306.00000000 0.00188424 0.00006504
307.00000000 0.00200010 0.00006930
308.00000000 0.00214471 0.00007459
309.00000000 0.00224959 0.00007854
310.00000000 0.00301209 0.00010558
311.00000000 0.00822683 0.00028952
312.00000000 0.01297577 0.00045854
313.00000000 0.01389235 0.00049300
314.00000000 0.01502962 0.00053564
315.00000000 0.01779412 0.00063694
316.00000000 0.01990506 0.00071567
317.00000000 0.01819192 0.00065703
318.00000000 0.01526217 0.00055375
319.00000000 0.01222492 0.00044561
320.00000000 0.00961534 0.00035214
321.00000000 0.00776581 0.00028577
322.00000000 0.00578529 0.00021392
323.00000000 0.00427488 0.00015885
324.00000000 0.00311586 0.00011635
325.00000000 0.00228360 0.00008570
326.00000000 0.00154080 0.00005812
327.00000000 0.00113546 0.00004305
