0 2.690990 0.008500
1 2.683544 0.008500
2 2.676098 0.008500
3 2.668652 0.008500
4 2.661206 0.008500
5 2.653760 0.008500
6 2.646314 0.008500
7 2.638868 0.008500
8 2.631422 0.008500
9 2.623976 0.008500
10 2.616530 0.008500
11 2.609084 0.008500
12 2.601638 0.008500
13 2.594192 0.008500
14 2.586746 0.008500
15 2.579300 0.008500
16 2.571854 0.008500
17 2.564408 0.008500
18 2.556962 0.008500
19 2.549516 0.008500
20 2.542070 0.008500
21 2.534624 0.008500
22 2.527178 0.008500
23 2.519732 0.008500
24 2.512286 0.008500
25 2.504840 0.008500
26 2.497394 0.008500
27 2.489948 0.008500
28 2.482502 0.008500
29 2.475056 0.008500
30 2.467610 0.008500
31 2.460164 0.008500
32 2.452718 0.008500
33 2.445272 0.008500
34 2.437826 0.008500
35 2.430380 0.008500
36 2.422934 0.008500
37 2.415488 0.008500
38 2.408042 0.008500
39 2.400596 0.008500
40 2.393150 0.008500
41 2.385704 0.008500
42 2.378258 0.008500
43 2.370812 0.008500
44 2.363366 0.008500
45 2.355920 0.008500
46 2.348474 0.008500
47 2.341028 0.008500
48 2.333582 0.008500
49 2.326136 0.008500
50 2.318690 0.008500
51 2.311243 0.008500
52 2.303797 0.008500
53 2.296351 0.008500
54 2.288905 0.008500
55 2.281459 0.008500
56 2.274013 0.008500
57 2.266567 0.008500
58 2.259121 0.008500
59 2.251675 0.008500
60 2.244229 0.008500
61 2.236783 0.008500
62 2.229337 0.008500
63 2.221891 0.008500
64 2.214445 0.008500
65 2.206999 0.008500
66 2.199553 0.008500
67 2.192107 0.008500
68 2.184661 0.008500
69 2.177215 0.008500
70 2.169769 0.008500
71 2.162323 0.008500
72 2.154877 0.008500
73 2.147431 0.008500
74 2.139985 0.008500
75 2.132539 0.008500
76 2.125093 0.008500
77 2.117647 0.008500
78 2.110201 0.008500
79 2.102755 0.008500
80 2.095309 0.008500
81 2.087863 0.008500
82 2.080417 0.008500
83 2.072971 0.008500
84 2.065525 0.008500
85 2.058079 0.008500
86 2.050633 0.008500
87 2.043187 0.008500
88 2.035741 0.008500
89 2.028295 0.008500
90 2.020849 0.008500
91 2.013403 0.008500
92 2.005957 0.008500
93 1.998511 0.008500
94 1.991065 0.008500
95 1.983619 0.008500
96 1.976173 0.008500
97 1.968727 0.008500
98 1.961281 0.008500
99 1.953835 0.008500
100 1.946389 0.008500
101 1.938943 0.008500
102 1.931497 0.008500
103 1.924051 0.008500
104 1.916605 0.008500
105 1.909159 0.008500
106 1.901713 0.008500
107 1.894267 0.008500
108 1.886821 0.008500
109 1.879375 0.008500
110 1.871929 0.008500
111 1.864483 0.008500
112 1.857036 0.008500
113 1.849590 0.008500
114 1.842144 0.008500
115 1.834698 0.008500
116 1.827252 0.008500
117 1.819806 0.008500
118 1.812360 0.008500
119 1.804914 0.008500
120 1.797468 0.008500
121 1.790022 0.008500
122 1.782576 0.008500
123 1.775130 0.008500
124 1.767684 0.008500
125 1.760238 0.008500
126 1.752792 0.008500
127 1.745346 0.008500
128 1.737900 0.008500
129 1.730454 0.008500
130 1.723008 0.008500
131 1.715562 0.008500
132 1.708116 0.008500
133 1.700670 0.008500
134 1.693224 0.008500
135 1.685778 0.008500
136 1.678332 0.008500
137 1.670886 0.008500
138 1.663440 0.008500
139 1.655994 0.008500
140 1.648548 0.008500
141 1.641102 0.008500
142 1.633656 0.008500
143 1.626210 0.008500
144 1.618764 0.008500
145 1.611318 0.008500
146 1.603872 0.008500
147 1.596426 0.008500
148 1.588980 0.008500
149 1.581534 0.008500
150 1.574088 0.008500
151 1.566642 0.008500
152 1.559196 0.008500
153 1.551750 0.008500
154 1.544304 0.008500
155 1.536858 0.008500
156 1.529412 0.008500
157 1.521966 0.008500
158 1.514520 0.008500
159 1.507074 0.008500
160 1.499628 0.008500
161 1.492182 0.008500
162 1.484736 0.008500
163 1.477290 0.008500
164 1.469844 0.008500
165 1.462398 0.008500
166 1.454952 0.008500
167 1.447506 0.008500
168 1.440060 0.008500
169 1.432614 0.008500
170 1.425168 0.008500
171 1.417722 0.008500
172 1.410276 0.008500
173 1.402829 0.008500
174 1.395383 0.008500
175 1.387937 0.008500
176 1.380491 0.008500
177 1.373045 0.008500
178 1.365599 0.008500
179 1.358153 0.008500
180 1.350707 0.008500
181 1.343261 0.008500
182 1.335815 0.008500
183 1.328369 0.008500
184 1.320923 0.008500
185 1.313477 0.008500
186 1.306031 0.008500
187 1.298585 0.008500
188 1.291139 0.008500
189 1.283693 0.008500
190 1.276247 0.008500
191 1.268801 0.008500
192 1.261355 0.008500
193 1.253909 0.008500
194 1.246463 0.008500
195 1.239017 0.008500
196 1.231571 0.008500
197 1.224125 0.008500
198 1.216679 0.008500
199 1.209233 0.008500
200 1.201787 0.008500
201 1.194341 0.008500
202 1.186895 0.008500
203 1.179449 0.008500
204 1.172003 0.008500
205 1.164557 0.008500
206 1.157111 0.008500
207 1.149665 0.008500
208 1.142219 0.008500
209 1.134773 0.008500
210 1.127327 0.008500
211 1.119881 0.008500
212 1.112435 0.008500
213 1.104989 0.008500
214 1.097543 0.008500
215 1.090097 0.008500
216 1.082651 0.008500
217 1.075205 0.008500
218 1.067759 0.008500
219 1.060313 0.008500
220 1.052867 0.008500
221 1.045421 0.008500
222 1.037975 0.008500
223 1.030529 0.008500
224 1.023083 0.008500
225 1.015637 0.008500
226 1.008191 0.008500
227 1.000745 0.008500
228 0.993299 0.008500
229 0.985853 0.008500
230 0.978407 0.008500
231 0.970961 0.008500
232 0.963515 0.008500
233 0.956069 0.008500
234 0.948622 0.008500
235 0.941176 0.008500
236 0.933730 0.008500
237 0.926284 0.008500
238 0.918838 0.008500
239 0.911392 0.008500
240 0.903946 0.008500
241 0.896500 0.008500
242 0.889054 0.008500
243 0.881608 0.008500
244 0.874162 0.008500
245 0.866716 0.008500
246 0.859270 0.008500
247 0.851824 0.008500
248 0.844378 0.008500
249 0.836932 0.008500
250 0.829486 0.008500
251 0.822040 0.008500
252 0.814594 0.008500
253 0.807148 0.008500
254 0.799702 0.008500
255 0.792256 0.008500
256 0.784810 0.008500
257 0.777364 0.008500
258 0.769918 0.008500
259 0.762472 0.008500
260 0.755026 0.008500
261 0.747580 0.008500
262 0.740134 0.008500
263 0.732688 0.008500
264 0.725242 0.008500
265 0.717796 0.008500
266 0.710350 0.008500
267 0.702904 0.008500
268 0.695458 0.008500
269 0.688012 0.008500
270 0.680566 0.008500
271 0.673120 0.008500
272 0.665674 0.008500
273 0.658228 0.008500
274 0.650782 0.008500
275 0.643336 0.008500
276 0.635890 0.008500
277 0.628444 0.008500
278 0.620998 0.008500
279 0.613552 0.008500
280 0.606106 0.008500
281 0.598660 0.008500
282 0.591214 0.008500
283 0.583768 0.008500
284 0.576322 0.008500
285 0.568876 0.008500
286 0.561430 0.008500
287 0.553984 0.008500
288 0.546538 0.008500
289 0.539092 0.008500
290 0.531646 0.008500
291 0.524200 0.008500
292 0.516754 0.008500
293 0.509308 0.008500
294 0.501862 0.008500
295 0.494415 0.008500
296 0.486969 0.008500
297 0.479523 0.008500
298 0.472077 0.008500
299 0.464631 0.008500
300 0.457185 0.008500
301 0.449739 0.008500
302 0.442293 0.008500
303 0.434847 0.008500
304 0.427401 0.008500
305 0.419955 0.008500
306 0.412509 0.008500
307 0.405063 0.008500
308 0.397617 0.008500
309 0.390171 0.008500
310 0.382725 0.008500
311 0.375279 0.008500
312 0.367833 0.008500
313 0.360387 0.008500
314 0.352941 0.008500
315 0.345495 0.008500
316 0.338049 0.008500
317 0.330603 0.008500
318 0.323157 0.008500
319 0.315711 0.008500
320 0.308265 0.008500
321 0.300819 0.008500
322 0.293373 0.008500
323 0.285927 0.008500
324 0.278481 0.008500
325 0.271035 0.008500
326 0.263589 0.008500
327 0.256143 0.008500
