0.00000000 0.10112188 0.01124646
1.00000000 0.19242444 0.02091955
2.00000000 0.04913722 0.00521924
3.00000000 -0.08561727 -0.00888047
4.00000000 0.04695246 0.00475309
5.00000000 0.04932469 0.00487056
6.00000000 0.09839150 0.00947135
7.00000000 0.06217430 0.00583092
8.00000000 3.90346067 0.35642514
9.00000000 0.05339955 0.00474412
10.00000000 0.25425468 0.02196241
11.00000000 0.04454536 0.00373840
12.00000000 0.07796079 0.00635180
13.00000000 0.04904276 0.00387598
14.00000000 0.05309348 0.00406691
15.00000000 0.12155893 0.00901659
16.00000000 0.05446771 0.00390861
17.00000000 0.45078044 0.03126460
18.00000000 0.04589594 0.00307343
19.00000000 0.08581136 0.00554233
20.00000000 0.03630983 0.00225936
21.00000000 0.01715395 0.00102715
22.00000000 0.00388198 0.00022341
23.00000000 0.00034596 0.00001911
24.00000000 0.00009848 0.00000522
25.00000000 0.00007875 0.00000399
26.00000000 0.00007480 0.00000363
27.00000000 0.00007166 0.00000332
28.00000000 0.00006941 0.00000306
29.00000000 0.00006750 0.00000284
30.00000000 0.00006640 0.00000266
31.00000000 0.00006516 0.00000248
32.00000000 0.00006408 0.00000231
33.00000000 0.00006322 0.00000217
34.00000000 0.00006224 0.00000203
35.00000000 0.00006171 0.00000191
36.00000000 0.00006105 0.00000180
37.00000000 0.00006083 0.00000172
38.00000000 0.00006035 0.00000163
39.00000000 0.00005999 0.00000157
40.00000000 0.00005952 0.00000152
41.00000000 0.00005919 0.00000150
42.00000000 0.00005904 0.00000149
43.00000000 0.00005895 0.00000149
44.00000000 0.00005896 0.00000149
45.00000000 0.00005886 0.00000148
46.00000000 0.00005873 0.00000148
47.00000000 0.00005854 0.00000147
48.00000000 0.00005862 0.00000147
49.00000000 0.00005867 0.00000146
50.00000000 0.00005874 0.00000146
51.00000000 0.00005887 0.00000146
52.00000000 0.00005883 0.00000146
53.00000000 0.00005874 0.00000146
54.00000000 0.00005855 0.00000145
55.00000000 0.00005855 0.00000145
56.00000000 0.00005854 0.00000145
57.00000000 0.00005863 0.00000145
58.00000000 0.00005869 0.00000145
59.00000000 0.00005872 0.00000145
60.00000000 0.00005865 0.00000145
61.00000000 0.00005850 0.00000140
62.00000000 0.00005857 0.00000134
63.00000000 0.00005859 0.00000129
64.00000000 0.00005866 0.00000125
65.00000000 0.00005856 0.00000121
66.00000000 0.00005838 0.00000117
67.00000000 0.00005831 0.00000115
68.00000000 0.00005824 0.00000114
69.00000000 0.00005842 0.00000115
70.00000000 0.00005858 0.00000115
71.00000000 0.00005904 0.00000116
72.00000000 0.00005937 0.00000116
73.00000000 0.00005960 0.00000117
74.00000000 0.00005975 0.00000117
75.00000000 0.00005997 0.00000118
76.00000000 0.00006009 0.00000118
77.00000000 0.00006001 0.00000118
78.00000000 0.00006003 0.00000118
79.00000000 0.00005993 0.00000118
80.00000000 0.00006007 0.00000118
81.00000000 0.00006023 0.00000118
82.00000000 0.00006036 0.00000118
83.00000000 0.00006044 0.00000119
84.00000000 0.00006039 0.00000118
85.00000000 0.00006047 0.00000119
86.00000000 0.00006048 0.00000119
87.00000000 0.00006070 0.00000119
88.00000000 0.00006093 0.00000119
89.00000000 0.00006123 0.00000120
90.00000000 0.00006140 0.00000120
91.00000000 0.00006132 0.00000120
92.00000000 0.00006120 0.00000120
93.00000000 0.00006135 0.00000120
94.00000000 0.00006205 0.00000121
95.00000000 0.00006232 0.00000122
96.00000000 0.00006266 0.00000122
97.00000000 0.00006282 0.00000123
98.00000000 0.00006284 0.00000123
99.00000000 0.00006312 0.00000123
100.00000000 0.00006330 0.00000124
101.00000000 0.00006374 0.00000124
102.00000000 0.00006443 0.00000126
103.00000000 0.00006519 0.00000127
104.00000000 0.00006649 0.00000130
105.00000000 0.00006697 0.00000131
106.00000000 0.00006759 0.00000132
107.00000000 0.00006757 0.00000132
108.00000000 0.00006647 0.00000130
109.00000000 0.00006663 0.00000130
110.00000000 0.00006879 0.00000134
111.00000000 0.00007132 0.00000139
112.00000000 0.00006891 0.00000135
113.00000000 0.00006962 0.00000136
114.00000000 0.00007040 0.00000137
115.00000000 0.00007163 0.00000140
116.00000000 0.00007108 0.00000139
117.00000000 0.00007042 0.00000138
118.00000000 0.00006983 0.00000136
119.00000000 0.00006917 0.00000135
120.00000000 0.00006920 0.00000135
121.00000000 0.00006946 0.00000136
122.00000000 0.00006993 0.00000137
123.00000000 0.00007025 0.00000137
124.00000000 0.00007048 0.00000138
125.00000000 0.00007079 0.00000138
126.00000000 0.00007153 0.00000140
127.00000000 0.00007215 0.00000141
128.00000000 0.00007271 0.00000142
129.00000000 0.00007324 0.00000143
130.00000000 0.00007392 0.00000144
131.00000000 0.00007486 0.00000146
132.00000000 0.00007547 0.00000147
133.00000000 0.00007611 0.00000149
134.00000000 0.00007642 0.00000149
135.00000000 0.00007701 0.00000150
136.00000000 0.00007748 0.00000151
137.00000000 0.00007817 0.00000153
138.00000000 0.00007899 0.00000154
139.00000000 0.00007980 0.00000156
140.00000000 0.00008050 0.00000157
141.00000000 0.00008104 0.00000158
142.00000000 0.00008189 0.00000160
143.00000000 0.00008278 0.00000162
144.00000000 0.00008366 0.00000163
145.00000000 0.00008456 0.00000165
146.00000000 0.00008575 0.00000167
147.00000000 0.00008715 0.00000170
148.00000000 0.00008820 0.00000172
149.00000000 0.00008891 0.00000174
150.00000000 0.00008941 0.00000175
151.00000000 0.00009056 0.00000177
152.00000000 0.00009206 0.00000180
153.00000000 0.00009351 0.00000183
154.00000000 0.00009450 0.00000185
155.00000000 0.00009543 0.00000186
156.00000000 0.00009699 0.00000188
157.00000000 0.00009849 0.00000191
158.00000000 0.00010009 0.00000193
159.00000000 0.00010117 0.00000195
160.00000000 0.00010229 0.00000197
161.00000000 0.00010420 0.00000200
162.00000000 0.00010622 0.00000204
163.00000000 0.00010812 0.00000208
164.00000000 0.00010977 0.00000211
165.00000000 0.00011141 0.00000214
166.00000000 0.00011239 0.00000216
167.00000000 0.00011429 0.00000220
168.00000000 0.00011661 0.00000224
169.00000000 0.00011890 0.00000229
170.00000000 0.00012118 0.00000233
171.00000000 0.00012386 0.00000238
172.00000000 0.00012688 0.00000244
173.00000000 0.00012967 0.00000250
174.00000000 0.00013313 0.00000256
175.00000000 0.00013588 0.00000262
176.00000000 0.00013949 0.00000269
177.00000000 0.00014229 0.00000274
178.00000000 0.00014428 0.00000278
179.00000000 0.00014959 0.00000288
180.00000000 0.00015018 0.00000289
181.00000000 0.00014937 0.00000288
182.00000000 0.00015167 0.00000292
183.00000000 0.00015861 0.00000305
184.00000000 0.00016742 0.00000322
185.00000000 0.00016613 0.00000320
186.00000000 0.00013817 0.00000266
187.00000000 0.00018401 0.00000354
188.00000000 0.00060585 0.00001167
189.00000000 0.00026135 0.00000503
190.00000000 0.00020775 0.00000400
191.00000000 0.00020759 0.00000400
192.00000000 0.00020712 0.00000399
193.00000000 0.00020693 0.00000399
194.00000000 0.00020613 0.00000397
195.00000000 0.00020249 0.00000390
196.00000000 0.00019959 0.00000385
197.00000000 0.00020268 0.00000391
198.00000000 0.00020943 0.00000404
199.00000000 0.00021750 0.00000419
200.00000000 0.00022560 0.00000435
201.00000000 0.00023340 0.00000450
202.00000000 0.00024078 0.00000465
203.00000000 0.00024627 0.00000475
204.00000000 0.00025180 0.00000486
205.00000000 0.00025881 0.00000499
206.00000000 0.00026780 0.00000517
207.00000000 0.00027533 0.00000531
208.00000000 0.00028385 0.00000548
209.00000000 0.00028944 0.00000560
210.00000000 0.00029452 0.00000571
211.00000000 0.00030465 0.00000593
212.00000000 0.00031080 0.00000606
213.00000000 0.00031571 0.00000618
214.00000000 0.00031972 0.00000627
215.00000000 0.00032380 0.00000637
216.00000000 0.00033001 0.00000652
217.00000000 0.00033844 0.00000671
218.00000000 0.00034180 0.00000680
219.00000000 0.00033992 0.00000679
220.00000000 0.00034398 0.00000690
221.00000000 0.00034962 0.00000705
222.00000000 0.00035353 0.00000713
223.00000000 0.00035033 0.00000707
224.00000000 0.00035068 0.00000707
225.00000000 0.00035480 0.00000716
226.00000000 0.00035361 0.00000713
227.00000000 0.00035127 0.00000708
228.00000000 0.00034681 0.00000699
229.00000000 0.00034801 0.00000702
230.00000000 0.00034835 0.00000702
231.00000000 0.00034679 0.00000699
232.00000000 0.00034253 0.00000690
233.00000000 0.00034204 0.00000689
234.00000000 0.00034255 0.00000690
235.00000000 0.00033682 0.00000679
236.00000000 0.00033275 0.00000670
237.00000000 0.00032816 0.00000661
238.00000000 0.00032353 0.00000652
239.00000000 0.00032088 0.00000646
240.00000000 0.00032193 0.00000648
241.00000000 0.00031923 0.00000643
242.00000000 0.00031453 0.00000633
243.00000000 0.00031506 0.00000634
244.00000000 0.00031408 0.00000632
245.00000000 0.00031113 0.00000626
246.00000000 0.00030994 0.00000623
247.00000000 0.00031004 0.00000623
248.00000000 0.00030586 0.00000615
249.00000000 0.00030465 0.00000612
250.00000000 0.00030256 0.00000608
251.00000000 0.00029873 0.00000600
252.00000000 0.00029855 0.00000600
253.00000000 0.00029479 0.00000592
254.00000000 0.00029194 0.00000587
255.00000000 0.00029110 0.00000585
256.00000000 0.00029159 0.00000586
257.00000000 0.00029078 0.00000584
258.00000000 0.00028772 0.00000578
259.00000000 0.00028698 0.00000576
260.00000000 0.00028614 0.00000575
261.00000000 0.00028919 0.00000581
262.00000000 0.00029171 0.00000586
263.00000000 0.00029696 0.00000596
264.00000000 0.00030017 0.00000603
265.00000000 0.00030471 0.00000612
266.00000000 0.00031183 0.00000626
267.00000000 0.00032521 0.00000653
268.00000000 0.00034666 0.00000696
269.00000000 0.00036080 0.00000724
270.00000000 0.00037179 0.00000746
271.00000000 0.00036738 0.00000737
272.00000000 0.00046457 0.00000933
273.00000000 0.00058007 0.00001164
274.00000000 0.00045149 0.00000906
275.00000000 0.00043263 0.00000870
276.00000000 0.00043304 0.00000873
277.00000000 0.00043508 0.00000879
278.00000000 0.00043333 0.00000878
279.00000000 0.00042403 0.00000861
280.00000000 0.00040654 0.00000828
281.00000000 0.00039903 0.00000814
282.00000000 0.00040324 0.00000824
283.00000000 0.00040677 0.00000832
284.00000000 0.00041022 0.00000839
285.00000000 0.00041114 0.00000841
286.00000000 0.00041095 0.00000840
287.00000000 0.00040838 0.00000835
288.00000000 0.00040863 0.00000835
289.00000000 0.00041063 0.00000840
290.00000000 0.00041642 0.00000851
291.00000000 0.00042248 0.00000864
292.00000000 0.00043045 0.00000880
293.00000000 0.00044519 0.00000910
294.00000000 0.00045933 0.00000939
295.00000000 0.00047757 0.00000977
296.00000000 0.00048806 0.00001006
297.00000000 0.00049909 0.00001036
298.00000000 0.00050936 0.00001065
299.00000000 0.00051301 0.00001081
300.00000000 0.00052010 0.00001105
301.00000000 0.00052432 0.00001123
302.00000000 0.00053625 0.00001155
303.00000000 0.00054100 0.00001165
304.00000000 0.00055978 0.00001206
305.00000000 0.00057772 0.00001246
306.00000000 0.00060768 0.00001312
307.00000000 0.00063803 0.00001379
308.00000000 0.00061662 0.00001336
309.00000000 0.00059671 0.00001299
310.00000000 0.00057278 0.00001257
311.00000000 0.00057937 0.00001293
312.00000000 0.00089014 0.00002118
313.00000000 0.00555577 0.00013936
314.00000000 0.01574914 0.00043213
315.00000000 0.00431500 0.00015103
316.00000000 -0.01114059 -0.00075257
317.00000000 -0.00042514 0.00009484
318.00000000 -0.00860701 0.00039972
319.00000000 -0.01257851 0.00040396
320.00000000 -0.02669233 0.00075253
321.00000000 0.00750331 -0.00020161
322.00000000 -0.01672207 0.00044291
323.00000000 0.01424784 -0.00037787
324.00000000 -0.01592241 0.00042624
325.00000000 67.03319853 -1.81934243
326.00000000 -0.03367995 0.00092914
327.00000000 -0.18288035 0.00513595
328.00000000 0.08830635 -0.00252688
329.00000000 -0.89783635 0.02619153
330.00000000 0.10048590 -0.00298928
331.00000000 -0.18362982 0.00557136
332.00000000 0.27164436 -0.00840592
333.00000000 -0.17575252 0.00554665
334.00000000 -1.02779765 0.03307780
335.00000000 -1.02480292 0.03362849
336.00000000 -2.76985033 0.09265903
337.00000000 0.45068705 -0.01536699
338.00000000 -0.79382069 0.02758229
339.00000000 0.65335518 -0.02312911
340.00000000 -0.67814373 0.02445329
341.00000000 24.59910736 -0.90332442
342.00000000 -0.94567580 0.03535713
343.00000000 -4.51918347 0.17199116
344.00000000 2.15405337 -0.08342863
345.00000000 -4.83000814 0.19033581
346.00000000 1.49958874 -0.06011197
347.00000000 -2.21489398 0.09029441
348.00000000 4.19658624 -0.17395120
349.00000000 -2.21808091 0.09346249
350.00000000 -7.88561040 0.33769975
351.00000000 -8.72600194 0.37971199
352.00000000 -23.03092619 1.01813088
353.00000000 3.93402162 -0.17664173
354.00000000 -6.88965991 0.31414590
355.00000000 5.28938391 -0.24486687
356.00000000 -4.18124360 0.19648871
357.00000000 -228.08558223 10.87813867
358.00000000 -4.96863653 0.24045711
359.00000000 -20.92317893 1.02728819
360.00000000 13.31805721 -0.66327228
361.00000000 -27.55134044 1.39156570
362.00000000 7.22739735 -0.37015029
363.00000000 -12.29700300 0.63849467
364.00000000 17.66359747 -0.92966635
365.00000000 -8.71505039 0.46487626
366.00000000 -44.84944394 2.42423660
367.00000000 -25.55523214 1.39952480
368.00000000 -130.58653753 7.24462137
369.00000000 14.38447455 -0.80828184
370.00000000 -21.82972466 1.24223834
371.00000000 14.76455324 -0.85075089
372.00000000 -14.06680951 0.82061972
373.00000000 109.81533013 -6.48505378
374.00000000 -16.43619543 0.98242041
375.00000000 -77.53193268 4.68991016
376.00000000 45.57439293 -2.78956259
377.00000000 -59.65132723 3.69412180
378.00000000 20.28724852 -1.27097140
379.00000000 -30.98568282 1.96354981
380.00000000 41.55799948 -2.66349214
381.00000000 -26.16616975 1.69590524
382.00000000 -148.01690963 9.70034272
383.00000000 -57.78632723 3.82882737
384.00000000 -272.63598096 18.26166416
385.00000000 34.09886687 -2.30869234
386.00000000 -61.51119569 4.20922890
387.00000000 35.52354009 -2.45663738
388.00000000 -39.18072718 2.73797052
389.00000000 184.20037883 -13.00571068
390.00000000 -42.99702840 3.06708591
391.00000000 -355.40069551 25.60985390
392.00000000 124.57258374 -9.06714982
393.00000000 -318.48864109 23.41319393
394.00000000 54.25484752 -4.02794267
395.00000000 -83.11814091 6.23130346
396.00000000 82.15113507 -6.21864853
397.00000000 -57.57304467 4.40010144
398.00000000 -726.22859820 56.03253036
399.00000000 -191.19782057 14.89142289
400.00000000 -1901.16465118 149.45930810
401.00000000 80.83941475 -6.41417183
402.00000000 -123.06321128 9.85427497
403.00000000 85.92494399 -6.94320659
404.00000000 -88.53133102 7.21852029
405.00000000 415.44137277 -34.17730450
406.00000000 -91.07968683 7.55950801
407.00000000 -694.78405356 58.17459514
408.00000000 319.08926995 -26.95102957
409.00000000 -498.13216885 42.43810634
410.00000000 97.55777272 -8.38282968
411.00000000 -141.06643340 12.22473361
412.00000000 153.60767966 -13.42411510
413.00000000 -97.24426445 8.56967369
414.00000000 -634.64053559 56.39318688
415.00000000 -253.74294226 22.73331472
416.00000000 -470.02616910 42.45537239
417.00000000 163.10653186 -14.85238087
418.00000000 -219.55758580 20.15394080
419.00000000 129.25859051 -11.95999123
420.00000000 -145.12749854 13.53488506
421.00000000 584.60523971 -54.95090826
422.00000000 -172.44035761 16.33550909
423.00000000 -811.80278110 77.49978946
424.00000000 544.45819473 -52.37762084
425.00000000 -556.49662848 53.94489801
426.00000000 164.99400614 -16.11529783
427.00000000 -211.74445992 20.83726034
428.00000000 262.80610395 -26.05546340
429.00000000 -216.46230080 21.62007243
430.00000000 -846.66200262 85.18703846
431.00000000 -495.79559242 50.24953558
432.00000000 -771.67392240 78.77834134
433.00000000 253.83789964 -26.10063502
434.00000000 -381.81942423 39.54144227
435.00000000 240.56458066 -25.09022894
436.00000000 -244.95329470 25.72844476
437.00000000 1021.67497928 -108.06360631
438.00000000 -252.54669868 26.89826473
439.00000000 -946.96908950 101.55794884
440.00000000 823.34539452 -88.90694320
441.00000000 -519.16447034 56.44354630
442.00000000 256.54102965 -28.08033853
443.00000000 -344.00670549 37.90786339
444.00000000 614.78651630 -68.20003346
445.00000000 -321.87817884 35.94436765
446.00000000 -1758.82525454 197.70721006
447.00000000 -649.90166896 73.53424507
448.00000000 -1201.41030560 136.82246515
449.00000000 231.60166377 -26.54690709
450.00000000 -493.36964193 56.91584919
451.00000000 381.49022104 -44.29098208
452.00000000 -390.59536848 45.63655638
453.00000000 4020.50260959 -472.71891903
454.00000000 -414.57280262 49.05050602
455.00000000 -1231.85789950 146.65832847
456.00000000 3106.90919552 -372.18742671
457.00000000 -1204.43589439 145.17359319
458.00000000 517.23297723 -62.72561282
459.00000000 -468.64652230 57.17985293
460.00000000 790.13119415 -96.98847153
461.00000000 -418.71208607 51.70638796
462.00000000 -1510.07653984 187.59452809
463.00000000 -742.55581284 92.79566421
464.00000000 -998.51516857 125.52079351
465.00000000 698.14639759 -88.27854311
466.00000000 -658.43563817 83.74425391
467.00000000 945.31572853 -120.93086382
468.00000000 -469.52851671 60.41246261
469.00000000 13254.14023440 -1715.16651812
470.00000000 -522.52836054 68.00499120
471.00000000 -1203.78939715 157.55921350
472.00000000 -5516.10395508 726.06321029
473.00000000 -1206.24243586 159.66575172
474.00000000 821.42370935 -109.33676088
475.00000000 -563.00257808 75.35601513
476.00000000 1962.40906020 -264.11469362
477.00000000 -545.04428700 73.75939509
478.00000000 -1653.98267491 225.05373890
479.00000000 -984.77536801 134.72540386
