0.00000000 0.15732985 0.01749773
1.00000000 -0.08171244 -0.00888342
2.00000000 6.07364532 0.64512803
3.00000000 -0.02132664 -0.00221206
4.00000000 0.24290033 0.02458926
5.00000000 -0.22337719 -0.02205733
6.00000000 0.16252995 0.01564544
7.00000000 -0.12427993 -0.01165541
8.00000000 -0.06032033 -0.00550785
9.00000000 -0.09850467 -0.00875134
10.00000000 -0.06154125 -0.00531591
11.00000000 0.30159955 0.02531129
12.00000000 -0.10322803 -0.00841043
13.00000000 0.13115873 0.01036582
14.00000000 -1.37482909 -0.10531071
15.00000000 0.29832401 0.02212809
16.00000000 -0.12974457 -0.00931049
17.00000000 -0.11049742 -0.00766373
18.00000000 0.09466331 0.00633915
19.00000000 0.19146179 0.01236600
20.00000000 0.03483831 0.00216780
21.00000000 0.09816531 0.00587799
22.00000000 0.00500573 0.00028809
23.00000000 0.00037279 0.00002059
24.00000000 0.00009866 0.00000523
25.00000000 0.00007956 0.00000403
26.00000000 0.00007578 0.00000367
27.00000000 0.00007239 0.00000335
28.00000000 0.00007012 0.00000310
29.00000000 0.00006802 0.00000286
30.00000000 0.00006662 0.00000267
31.00000000 0.00006526 0.00000248
32.00000000 0.00006410 0.00000232
33.00000000 0.00006322 0.00000217
34.00000000 0.00006226 0.00000203
35.00000000 0.00006174 0.00000191
36.00000000 0.00006110 0.00000180
37.00000000 0.00006098 0.00000172
38.00000000 0.00006048 0.00000164
39.00000000 0.00006020 0.00000157
40.00000000 0.00005969 0.00000152
41.00000000 0.00005933 0.00000151
42.00000000 0.00005920 0.00000150
43.00000000 0.00005908 0.00000149
44.00000000 0.00005909 0.00000149
45.00000000 0.00005898 0.00000148
46.00000000 0.00005883 0.00000148
47.00000000 0.00005861 0.00000147
48.00000000 0.00005866 0.00000147
49.00000000 0.00005873 0.00000147
50.00000000 0.00005883 0.00000147
51.00000000 0.00005895 0.00000147
52.00000000 0.00005892 0.00000146
53.00000000 0.00005882 0.00000146
54.00000000 0.00005863 0.00000145
55.00000000 0.00005859 0.00000145
56.00000000 0.00005860 0.00000145
57.00000000 0.00005871 0.00000145
58.00000000 0.00005875 0.00000145
59.00000000 0.00005877 0.00000145
60.00000000 0.00005870 0.00000145
61.00000000 0.00005856 0.00000140
62.00000000 0.00005862 0.00000134
63.00000000 0.00005863 0.00000129
64.00000000 0.00005873 0.00000125
65.00000000 0.00005861 0.00000121
66.00000000 0.00005846 0.00000117
67.00000000 0.00005838 0.00000115
68.00000000 0.00005833 0.00000115
69.00000000 0.00005854 0.00000115
70.00000000 0.00005867 0.00000115
71.00000000 0.00005917 0.00000116
72.00000000 0.00005949 0.00000117
73.00000000 0.00005977 0.00000117
74.00000000 0.00005994 0.00000118
75.00000000 0.00006021 0.00000118
76.00000000 0.00006029 0.00000118
77.00000000 0.00006024 0.00000118
78.00000000 0.00006016 0.00000118
79.00000000 0.00006008 0.00000118
80.00000000 0.00006027 0.00000118
81.00000000 0.00006038 0.00000118
82.00000000 0.00006051 0.00000119
83.00000000 0.00006061 0.00000119
84.00000000 0.00006049 0.00000119
85.00000000 0.00006058 0.00000119
86.00000000 0.00006055 0.00000119
87.00000000 0.00006081 0.00000119
88.00000000 0.00006102 0.00000120
89.00000000 0.00006136 0.00000120
90.00000000 0.00006150 0.00000121
91.00000000 0.00006140 0.00000120
92.00000000 0.00006127 0.00000120
93.00000000 0.00006129 0.00000120
94.00000000 0.00006138 0.00000121
95.00000000 0.00006142 0.00000122
96.00000000 0.00006147 0.00000122
97.00000000 0.00006155 0.00000123
98.00000000 0.00006164 0.00000123
99.00000000 0.00006175 0.00000123
100.00000000 0.00006188 0.00000124
101.00000000 0.00006203 0.00000125
102.00000000 0.00006220 0.00000126
103.00000000 0.00006238 0.00000127
104.00000000 0.00006258 0.00000130
105.00000000 0.00006280 0.00000131
106.00000000 0.00006304 0.00000132
107.00000000 0.00006329 0.00000132
108.00000000 0.00006357 0.00000130
109.00000000 0.00006386 0.00000130
110.00000000 0.00006417 0.00000134
111.00000000 0.00006450 0.00000140
112.00000000 0.00006484 0.00000135
113.00000000 0.00006521 0.00000136
114.00000000 0.00006559 0.00000138
115.00000000 0.00006599 0.00000140
116.00000000 0.00006641 0.00000139
117.00000000 0.00006684 0.00000138
118.00000000 0.00006730 0.00000137
119.00000000 0.00006777 0.00000135
120.00000000 0.00006826 0.00000135
121.00000000 0.00006877 0.00000136
122.00000000 0.00006929 0.00000137
123.00000000 0.00006984 0.00000137
124.00000000 0.00007040 0.00000138
125.00000000 0.00007092 0.00000138
126.00000000 0.00007165 0.00000140
127.00000000 0.00007230 0.00000141
128.00000000 0.00007289 0.00000142
129.00000000 0.00007336 0.00000143
130.00000000 0.00007411 0.00000145
131.00000000 0.00007498 0.00000146
132.00000000 0.00007565 0.00000148
133.00000000 0.00007626 0.00000149
134.00000000 0.00007658 0.00000150
135.00000000 0.00007716 0.00000151
136.00000000 0.00007757 0.00000151
137.00000000 0.00007824 0.00000153
138.00000000 0.00007902 0.00000154
139.00000000 0.00007986 0.00000156
140.00000000 0.00008055 0.00000157
141.00000000 0.00008107 0.00000158
142.00000000 0.00008190 0.00000160
143.00000000 0.00008277 0.00000162
144.00000000 0.00008367 0.00000163
145.00000000 0.00008451 0.00000165
146.00000000 0.00008575 0.00000168
147.00000000 0.00008716 0.00000170
148.00000000 0.00008824 0.00000172
149.00000000 0.00008891 0.00000174
150.00000000 0.00008938 0.00000175
151.00000000 0.00009056 0.00000177
152.00000000 0.00009207 0.00000180
153.00000000 0.00009355 0.00000183
154.00000000 0.00009453 0.00000185
155.00000000 0.00009551 0.00000186
156.00000000 0.00009704 0.00000189
157.00000000 0.00009858 0.00000191
158.00000000 0.00010018 0.00000194
159.00000000 0.00010125 0.00000195
160.00000000 0.00010238 0.00000197
161.00000000 0.00010431 0.00000200
162.00000000 0.00010639 0.00000204
163.00000000 0.00010830 0.00000208
164.00000000 0.00010999 0.00000211
165.00000000 0.00011163 0.00000215
166.00000000 0.00011262 0.00000216
167.00000000 0.00011451 0.00000220
168.00000000 0.00011690 0.00000225
169.00000000 0.00011884 0.00000228
170.00000000 0.00012117 0.00000233
171.00000000 0.00012394 0.00000238
172.00000000 0.00012710 0.00000245
173.00000000 0.00012994 0.00000250
174.00000000 0.00013312 0.00000256
175.00000000 0.00013594 0.00000262
176.00000000 0.00013973 0.00000269
177.00000000 0.00014251 0.00000275
178.00000000 0.00014450 0.00000278
179.00000000 0.00014979 0.00000288
180.00000000 0.00015024 0.00000289
181.00000000 0.00014940 0.00000288
182.00000000 0.00015165 0.00000292
183.00000000 0.00015878 0.00000306
184.00000000 0.00016784 0.00000323
185.00000000 0.00016995 0.00000327
186.00000000 0.00013808 0.00000266
187.00000000 0.00017759 0.00000342
188.00000000 0.00021266 0.00000410
189.00000000 0.00026331 0.00000507
190.00000000 0.00020767 0.00000400
191.00000000 0.00020746 0.00000400
192.00000000 0.00020731 0.00000399
193.00000000 0.00020699 0.00000399
194.00000000 0.00020616 0.00000397
195.00000000 0.00020238 0.00000390
196.00000000 0.00019928 0.00000384
197.00000000 0.00020255 0.00000391
198.00000000 0.00020940 0.00000404
199.00000000 0.00021746 0.00000419
200.00000000 0.00022543 0.00000435
201.00000000 0.00023338 0.00000450
202.00000000 0.00024069 0.00000464
203.00000000 0.00024631 0.00000475
204.00000000 0.00025178 0.00000486
205.00000000 0.00025862 0.00000499
206.00000000 0.00026764 0.00000516
207.00000000 0.00027490 0.00000531
208.00000000 0.00028381 0.00000548
209.00000000 0.00028923 0.00000560
210.00000000 0.00029455 0.00000571
211.00000000 0.00030455 0.00000592
212.00000000 0.00031056 0.00000606
213.00000000 0.00031556 0.00000617
214.00000000 0.00031919 0.00000626
215.00000000 0.00032356 0.00000637
216.00000000 0.00032956 0.00000651
217.00000000 0.00033834 0.00000671
218.00000000 0.00034144 0.00000680
219.00000000 0.00033969 0.00000679
220.00000000 0.00034374 0.00000690
221.00000000 0.00034933 0.00000704
222.00000000 0.00035327 0.00000713
223.00000000 0.00034980 0.00000706
224.00000000 0.00035070 0.00000707
225.00000000 0.00035462 0.00000715
226.00000000 0.00035373 0.00000713
227.00000000 0.00035124 0.00000708
228.00000000 0.00034662 0.00000699
229.00000000 0.00034781 0.00000701
230.00000000 0.00034797 0.00000702
231.00000000 0.00034676 0.00000699
232.00000000 0.00034228 0.00000690
233.00000000 0.00034228 0.00000690
234.00000000 0.00034265 0.00000691
235.00000000 0.00033698 0.00000679
236.00000000 0.00033225 0.00000669
237.00000000 0.00032757 0.00000660
238.00000000 0.00032359 0.00000652
239.00000000 0.00032061 0.00000646
240.00000000 0.00032222 0.00000649
241.00000000 0.00031936 0.00000643
242.00000000 0.00031441 0.00000633
243.00000000 0.00031510 0.00000634
244.00000000 0.00031438 0.00000632
245.00000000 0.00031129 0.00000626
246.00000000 0.00031008 0.00000623
247.00000000 0.00031027 0.00000624
248.00000000 0.00030590 0.00000615
249.00000000 0.00030509 0.00000613
250.00000000 0.00030277 0.00000609
251.00000000 0.00029895 0.00000601
252.00000000 0.00029867 0.00000600
253.00000000 0.00029471 0.00000592
254.00000000 0.00029190 0.00000586
255.00000000 0.00029074 0.00000584
256.00000000 0.00029152 0.00000586
257.00000000 0.00029051 0.00000584
258.00000000 0.00028757 0.00000578
259.00000000 0.00028667 0.00000576
260.00000000 0.00028571 0.00000574
261.00000000 0.00028876 0.00000580
262.00000000 0.00029105 0.00000584
263.00000000 0.00029651 0.00000595
264.00000000 0.00029949 0.00000601
265.00000000 0.00030412 0.00000611
266.00000000 0.00031106 0.00000625
267.00000000 0.00032417 0.00000651
268.00000000 0.00034380 0.00000690
269.00000000 0.00035865 0.00000720
270.00000000 0.00037041 0.00000744
271.00000000 0.00036546 0.00000734
272.00000000 0.00046103 0.00000925
273.00000000 0.00058074 0.00001166
274.00000000 0.00044849 0.00000900
275.00000000 0.00043002 0.00000864
276.00000000 0.00043005 0.00000867
277.00000000 0.00043255 0.00000874
278.00000000 0.00043091 0.00000873
279.00000000 0.00042109 0.00000855
280.00000000 0.00040306 0.00000821
281.00000000 0.00039614 0.00000809
282.00000000 0.00040041 0.00000819
283.00000000 0.00040405 0.00000826
284.00000000 0.00040764 0.00000833
285.00000000 0.00040872 0.00000836
286.00000000 0.00040787 0.00000834
287.00000000 0.00040549 0.00000829
288.00000000 0.00040569 0.00000829
289.00000000 0.00040775 0.00000834
290.00000000 0.00041367 0.00000846
291.00000000 0.00042047 0.00000860
292.00000000 0.00042877 0.00000877
293.00000000 0.00044440 0.00000909
294.00000000 0.00045935 0.00000940
295.00000000 0.00047712 0.00000976
296.00000000 0.00048985 0.00001010
297.00000000 0.00049965 0.00001037
298.00000000 0.00051181 0.00001070
299.00000000 0.00051452 0.00001084
300.00000000 0.00052223 0.00001109
301.00000000 0.00052859 0.00001132
302.00000000 0.00053704 0.00001156
303.00000000 0.00054967 0.00001184
304.00000000 0.00056351 0.00001214
305.00000000 0.00058967 0.00001272
306.00000000 0.00061631 0.00001330
307.00000000 0.00065032 0.00001406
308.00000000 0.00062422 0.00001353
309.00000000 0.00059504 0.00001295
310.00000000 0.00056621 0.00001242
311.00000000 0.00057249 0.00001277
312.00000000 0.00084481 0.00002010
313.00000000 0.00629859 0.00015799
314.00000000 0.00868495 0.00023830
315.00000000 0.00370687 0.00012974
316.00000000 0.00998656 0.00067462
317.00000000 -0.00036596 0.00008164
318.00000000 -0.01455649 0.00067603
319.00000000 -0.00388611 0.00012480
320.00000000 0.00696018 -0.00019623
321.00000000 0.03063188 -0.00082307
322.00000000 0.01098216 -0.00029088
323.00000000 0.02442007 -0.00064765
324.00000000 -0.01364847 0.00036537
325.00000000 0.37923338 -0.01029274
326.00000000 -0.02349231 0.00064809
327.00000000 0.16569417 -0.00465330
328.00000000 -0.15711685 0.00449589
329.00000000 0.07372309 -0.00215064
330.00000000 0.20691867 -0.00615547
331.00000000 1.01549426 -0.03081025
332.00000000 0.42131240 -0.01303733
333.00000000 -0.15223677 0.00480451
334.00000000 26.92084404 -0.86639836
335.00000000 -0.33398887 0.01095971
336.00000000 0.50308017 -0.01682940
337.00000000 1.35165968 -0.04608729
338.00000000 0.61076240 -0.02122170
339.00000000 1.29845499 -0.04596597
340.00000000 -0.55608389 0.02005192
341.00000000 5.61339264 -0.20613409
342.00000000 -0.70843942 0.02648729
343.00000000 4.65183293 -0.17703954
344.00000000 -1.93340524 0.07488271
345.00000000 1.43326083 -0.05648041
346.00000000 2.27024599 -0.09100425
347.00000000 -56.63132256 2.30868481
348.00000000 9.48683500 -0.39323541
349.00000000 -1.89748383 0.07995361
350.00000000 -22.60876246 0.96821590
351.00000000 -2.96275567 0.12892432
352.00000000 5.39125103 -0.23833167
353.00000000 16.55324876 -0.74325835
354.00000000 4.92471650 -0.22455092
355.00000000 9.60557281 -0.44468063
356.00000000 -3.71837965 0.17473740
357.00000000 231.88979188 -11.05957373
358.00000000 -4.11672123 0.19922868
359.00000000 178.56172970 -8.76704044
360.00000000 -9.57966546 0.47709110
361.00000000 7.26532571 -0.36695776
362.00000000 27.68980846 -1.41813022
363.00000000 -125.08818767 6.49492735
364.00000000 33.89979807 -1.78420629
365.00000000 -7.74650142 0.41321214
366.00000000 -118.77691409 6.42022102
367.00000000 -10.94713876 0.59951685
368.00000000 20.48795291 -1.13662146
369.00000000 52.20257171 -2.93332862
370.00000000 20.48548395 -1.16574322
371.00000000 26.10362477 -1.50412149
372.00000000 -13.89028719 0.81032188
373.00000000 571.35045579 -33.74063008
374.00000000 -13.90401083 0.83106727
375.00000000 239.65697279 -14.49686125
376.00000000 -33.88399651 2.07400523
377.00000000 28.50169427 -1.76506936
378.00000000 43.21754154 -2.70752632
379.00000000 -175.46261915 11.11899308
380.00000000 69.07790309 -4.42726922
381.00000000 -20.92840753 1.35643070
382.00000000 -393.44265931 25.78440966
383.00000000 -26.72626597 1.77083860
384.00000000 59.00081662 -3.95198423
385.00000000 145.25998774 -9.83494913
386.00000000 61.84008282 -4.23173474
387.00000000 82.36157650 -5.69573096
388.00000000 -37.13664152 2.59512870
389.00000000 151.83093619 -10.72022349
390.00000000 -33.85451399 2.41492742
391.00000000 4817.47866702 -347.14317221
392.00000000 -54.99875206 4.00314347
393.00000000 58.65643566 -4.31203605
394.00000000 146.13462793 -10.84920390
395.00000000 -600.68691417 45.03303856
396.00000000 141.04567744 -10.67682745
397.00000000 -52.53482710 4.01504853
398.00000000 -433.35329460 33.43558997
399.00000000 -60.56238754 4.71689542
400.00000000 178.52635653 -14.03477900
401.00000000 411.31060215 -32.63527927
402.00000000 144.10485099 -11.53918228
403.00000000 178.51575788 -14.42505201
404.00000000 -77.12765322 6.28870619
405.00000000 968.20821372 -79.65202580
406.00000000 -70.42884716 5.84551235
407.00000000 -885.58244209 74.15023383
408.00000000 -92.91521042 7.84783701
409.00000000 138.39051170 -11.79010636
410.00000000 240.76288777 -20.68799056
411.00000000 -507.96494807 44.01994170
412.00000000 423.62604111 -37.02161734
413.00000000 -103.36325600 9.10891126
414.00000000 -649.04949715 57.67354516
415.00000000 -103.33578619 9.25805040
416.00000000 548.69012245 -49.56073726
417.00000000 1245.90917876 -113.45172655
418.00000000 393.47345105 -36.11827217
419.00000000 269.09398540 -24.89862912
420.00000000 -143.20263587 13.35536846
421.00000000 2598.69295729 -244.26831746
422.00000000 -124.08697328 11.75492737
423.00000000 -689.29183007 65.80412503
424.00000000 -190.96933043 18.37151002
425.00000000 406.57696876 -39.41219406
426.00000000 525.44511065 -51.32128525
427.00000000 -590.00820675 58.06128110
428.00000000 604.26354316 -59.90867943
429.00000000 -192.79362857 19.25606537
430.00000000 -570.24516403 57.37531219
431.00000000 -191.92860694 19.45221682
432.00000000 -11179.08255626 1141.24574634
433.00000000 -1271.32245227 130.72249404
434.00000000 732.53399887 -75.86164818
435.00000000 467.04943412 -48.71198077
436.00000000 -229.66413528 24.12256192
437.00000000 7526.22600972 -796.05661392
438.00000000 -206.07805563 21.94897864
439.00000000 -694.69549180 74.50280057
440.00000000 -262.85178126 28.38340816
441.00000000 2418.04839114 -262.89015162
442.00000000 664.09590490 -72.69027434
443.00000000 -524.04092097 57.74675704
444.00000000 5286.32680072 -586.42741034
445.00000000 -300.06783831 33.50879125
446.00000000 -1771.96524526 199.18425896
447.00000000 -290.14087027 32.82848910
448.00000000 -6621.71093530 754.11273686
449.00000000 1006.91734344 -115.41601528
450.00000000 5481.52741264 -632.35708283
451.00000000 741.03668249 -86.03429554
452.00000000 -359.05942309 41.95194548
453.00000000 -59752.80486413 7025.55975388
454.00000000 -301.22196155 35.63931243
455.00000000 -1302.93322061 155.12017118
456.00000000 -380.83260610 45.62125854
457.00000000 2042.81350576 -246.22528956
458.00000000 1331.75591060 -161.50402099
459.00000000 -689.36934933 84.11038198
460.00000000 1740.10582949 -213.59769865
461.00000000 -370.35582284 45.73491546
462.00000000 -1709.14243491 212.32418361
463.00000000 -338.65777408 42.32136163
464.00000000 -2329.88487368 292.88388132
465.00000000 -3465.48175754 438.19989875
466.00000000 -16554.20027244 2105.47405173
467.00000000 2528.21986353 -323.42613458
468.00000000 -411.94351879 53.00321821
469.00000000 -4615.31757419 597.25022021
470.00000000 -419.56145990 54.60425796
471.00000000 -1158.84645079 151.67680974
472.00000000 -466.51395829 61.40540950
473.00000000 12151.62728169 -1608.46497091
474.00000000 1419.28271076 -188.91562613
475.00000000 -735.28328281 98.41521218
476.00000000 10833.59042130 -1458.06013278
477.00000000 -510.47579311 69.08133267
478.00000000 -1785.35420856 242.92917090
479.00000000 -472.76712753 64.67844775
