0.00000000 0.68070295 0.06566038
1.00000000 0.67335239 0.06327926
2.00000000 0.61332980 0.05611853
3.00000000 0.81588632 0.07263439
4.00000000 0.55633886 0.04815552
5.00000000 0.46354548 0.03898275
6.00000000 0.49728918 0.04060009
7.00000000 0.34308216 0.02717080
8.00000000 0.73619581 0.05650872
9.00000000 0.46721838 0.03472754
10.00000000 0.78611296 0.05652840
11.00000000 0.47514112 0.03302238
12.00000000 0.26529384 0.01780220
13.00000000 0.17992244 0.01164471
14.00000000 0.03722734 0.00232123
15.00000000 0.00703422 0.00042206
16.00000000 0.00061611 0.00003553
17.00000000 0.00016022 0.00000887
18.00000000 0.00012805 0.00000680
19.00000000 0.00012192 0.00000620
20.00000000 0.00011677 0.00000567
21.00000000 0.00011277 0.00000523
22.00000000 0.00010943 0.00000484
23.00000000 0.00010716 0.00000451
24.00000000 0.00010480 0.00000420
25.00000000 0.00010299 0.00000392
26.00000000 0.00010145 0.00000367
27.00000000 0.00010000 0.00000344
28.00000000 0.00009907 0.00000323
29.00000000 0.00009819 0.00000305
30.00000000 0.00009777 0.00000289
31.00000000 0.00009717 0.00000274
32.00000000 0.00009661 0.00000262
33.00000000 0.00009586 0.00000251
34.00000000 0.00009529 0.00000243
35.00000000 0.00009509 0.00000241
36.00000000 0.00009500 0.00000240
37.00000000 0.00009506 0.00000240
38.00000000 0.00009498 0.00000239
39.00000000 0.00009473 0.00000238
40.00000000 0.00009440 0.00000237
41.00000000 0.00009440 0.00000237
42.00000000 0.00009452 0.00000236
43.00000000 0.00009479 0.00000237
44.00000000 0.00009497 0.00000237
45.00000000 0.00009503 0.00000236
46.00000000 0.00009478 0.00000235
47.00000000 0.00009465 0.00000235
48.00000000 0.00009453 0.00000234
49.00000000 0.00009458 0.00000234
50.00000000 0.00009471 0.00000234
51.00000000 0.00009480 0.00000235
52.00000000 0.00009491 0.00000235
53.00000000 0.00009469 0.00000234
54.00000000 0.00009461 0.00000234
55.00000000 0.00009458 0.00000226
56.00000000 0.00009471 0.00000217
57.00000000 0.00009473 0.00000209
58.00000000 0.00009448 0.00000201
59.00000000 0.00009397 0.00000194
60.00000000 0.00009351 0.00000188
61.00000000 0.00009372 0.00000184
62.00000000 0.00009399 0.00000185
63.00000000 0.00009445 0.00000185
64.00000000 0.00009494 0.00000186
65.00000000 0.00009555 0.00000187
66.00000000 0.00009586 0.00000188
67.00000000 0.00009598 0.00000188
68.00000000 0.00009612 0.00000189
69.00000000 0.00009626 0.00000189
70.00000000 0.00009625 0.00000189
71.00000000 0.00009608 0.00000188
72.00000000 0.00009599 0.00000188
73.00000000 0.00009618 0.00000189
74.00000000 0.00009630 0.00000189
75.00000000 0.00009648 0.00000189
76.00000000 0.00009655 0.00000189
77.00000000 0.00009658 0.00000189
78.00000000 0.00009662 0.00000189
79.00000000 0.00009674 0.00000190
80.00000000 0.00009692 0.00000190
81.00000000 0.00009727 0.00000191
82.00000000 0.00009772 0.00000192
83.00000000 0.00009801 0.00000192
84.00000000 0.00009789 0.00000192
85.00000000 0.00009771 0.00000191
86.00000000 0.00009761 0.00000191
87.00000000 0.00009818 0.00000192
88.00000000 0.00009960 0.00000194
89.00000000 0.00010008 0.00000195
90.00000000 0.00010034 0.00000196
91.00000000 0.00010044 0.00000196
92.00000000 0.00010083 0.00000197
93.00000000 0.00010112 0.00000197
94.00000000 0.00010149 0.00000199
95.00000000 0.00010185 0.00000201
96.00000000 0.00010222 0.00000204
97.00000000 0.00010260 0.00000208
98.00000000 0.00010300 0.00000210
99.00000000 0.00010340 0.00000212
100.00000000 0.00010382 0.00000212
101.00000000 0.00010425 0.00000208
102.00000000 0.00010469 0.00000209
103.00000000 0.00010514 0.00000215
104.00000000 0.00010561 0.00000225
105.00000000 0.00010608 0.00000216
106.00000000 0.00010657 0.00000218
107.00000000 0.00010707 0.00000221
108.00000000 0.00010758 0.00000225
109.00000000 0.00010810 0.00000224
110.00000000 0.00010863 0.00000221
111.00000000 0.00010918 0.00000219
112.00000000 0.00010974 0.00000216
113.00000000 0.00011030 0.00000216
114.00000000 0.00011088 0.00000216
115.00000000 0.00011150 0.00000218
116.00000000 0.00011206 0.00000219
117.00000000 0.00011240 0.00000219
118.00000000 0.00011295 0.00000220
119.00000000 0.00011397 0.00000222
120.00000000 0.00011498 0.00000224
121.00000000 0.00011582 0.00000226
122.00000000 0.00011662 0.00000228
123.00000000 0.00011781 0.00000230
124.00000000 0.00011912 0.00000233
125.00000000 0.00012034 0.00000235
126.00000000 0.00012112 0.00000237
127.00000000 0.00012178 0.00000238
128.00000000 0.00012244 0.00000239
129.00000000 0.00012322 0.00000241
130.00000000 0.00012425 0.00000243
131.00000000 0.00012554 0.00000245
132.00000000 0.00012686 0.00000248
133.00000000 0.00012798 0.00000250
134.00000000 0.00012885 0.00000252
135.00000000 0.00013005 0.00000254
136.00000000 0.00013157 0.00000257
137.00000000 0.00013299 0.00000260
138.00000000 0.00013429 0.00000262
139.00000000 0.00013627 0.00000266
140.00000000 0.00013860 0.00000271
141.00000000 0.00014054 0.00000274
142.00000000 0.00014146 0.00000276
143.00000000 0.00014237 0.00000278
144.00000000 0.00014396 0.00000281
145.00000000 0.00014656 0.00000286
146.00000000 0.00014887 0.00000291
147.00000000 0.00015057 0.00000294
148.00000000 0.00015211 0.00000297
149.00000000 0.00015451 0.00000301
150.00000000 0.00015722 0.00000305
151.00000000 0.00015961 0.00000309
152.00000000 0.00016148 0.00000312
153.00000000 0.00016316 0.00000315
154.00000000 0.00016621 0.00000320
155.00000000 0.00016965 0.00000326
156.00000000 0.00017266 0.00000332
157.00000000 0.00017564 0.00000337
158.00000000 0.00017804 0.00000342
159.00000000 0.00017984 0.00000346
160.00000000 0.00018261 0.00000351
161.00000000 0.00018654 0.00000358
162.00000000 0.00019027 0.00000366
163.00000000 0.00019399 0.00000373
164.00000000 0.00019845 0.00000382
165.00000000 0.00020355 0.00000391
166.00000000 0.00020834 0.00000401
167.00000000 0.00021214 0.00000412
168.00000000 0.00021596 0.00000421
169.00000000 0.00021980 0.00000432
170.00000000 0.00022366 0.00000442
171.00000000 0.00022754 0.00000446
172.00000000 0.00023144 0.00000464
173.00000000 0.00023536 0.00000467
174.00000000 0.00023930 0.00000462
175.00000000 0.00024326 0.00000468
176.00000000 0.00025394 0.00000489
177.00000000 0.00026860 0.00000517
178.00000000 0.00027215 0.00000524
179.00000000 0.00022153 0.00000426
180.00000000 0.00028535 0.00000549
181.00000000 0.00102454 0.00001973
182.00000000 0.00042466 0.00000818
183.00000000 0.00033510 0.00000645
184.00000000 0.00033500 0.00000645
185.00000000 0.00033386 0.00000643
186.00000000 0.00033356 0.00000642
187.00000000 0.00033230 0.00000640
188.00000000 0.00032564 0.00000627
189.00000000 0.00032123 0.00000619
190.00000000 0.00032621 0.00000629
191.00000000 0.00033786 0.00000651
192.00000000 0.00035038 0.00000675
193.00000000 0.00036387 0.00000702
194.00000000 0.00037650 0.00000726
195.00000000 0.00038870 0.00000750
196.00000000 0.00039789 0.00000767
197.00000000 0.00040700 0.00000785
198.00000000 0.00041910 0.00000808
199.00000000 0.00043315 0.00000836
200.00000000 0.00044607 0.00000861
201.00000000 0.00045958 0.00000887
202.00000000 0.00046901 0.00000906
203.00000000 0.00047746 0.00000924
204.00000000 0.00049365 0.00000958
205.00000000 0.00050486 0.00000982
206.00000000 0.00051180 0.00000998
207.00000000 0.00051953 0.00001016
208.00000000 0.00052467 0.00001030
209.00000000 0.00053532 0.00001054
210.00000000 0.00054867 0.00001084
211.00000000 0.00055479 0.00001100
212.00000000 0.00055216 0.00001099
213.00000000 0.00055802 0.00001115
214.00000000 0.00056817 0.00001141
215.00000000 0.00057385 0.00001157
216.00000000 0.00056932 0.00001149
217.00000000 0.00056856 0.00001147
218.00000000 0.00057560 0.00001161
219.00000000 0.00057429 0.00001158
220.00000000 0.00057023 0.00001150
221.00000000 0.00056401 0.00001138
222.00000000 0.00056480 0.00001139
223.00000000 0.00056613 0.00001142
224.00000000 0.00056283 0.00001135
225.00000000 0.00055607 0.00001121
226.00000000 0.00055504 0.00001119
227.00000000 0.00055567 0.00001120
228.00000000 0.00054748 0.00001103
229.00000000 0.00053946 0.00001087
230.00000000 0.00053335 0.00001075
231.00000000 0.00052552 0.00001059
232.00000000 0.00052120 0.00001050
233.00000000 0.00052250 0.00001052
234.00000000 0.00051857 0.00001044
235.00000000 0.00051060 0.00001028
236.00000000 0.00050980 0.00001026
237.00000000 0.00051153 0.00001029
238.00000000 0.00050584 0.00001017
239.00000000 0.00050459 0.00001015
240.00000000 0.00050419 0.00001014
241.00000000 0.00049795 0.00001001
242.00000000 0.00049565 0.00000996
243.00000000 0.00049266 0.00000990
244.00000000 0.00048681 0.00000978
245.00000000 0.00048656 0.00000978
246.00000000 0.00048151 0.00000968
247.00000000 0.00047639 0.00000957
248.00000000 0.00047538 0.00000955
249.00000000 0.00047616 0.00000957
250.00000000 0.00047530 0.00000955
251.00000000 0.00047103 0.00000946
252.00000000 0.00046941 0.00000943
253.00000000 0.00046933 0.00000943
254.00000000 0.00047392 0.00000952
255.00000000 0.00047963 0.00000963
256.00000000 0.00048802 0.00000980
257.00000000 0.00049370 0.00000991
258.00000000 0.00050122 0.00001006
259.00000000 0.00051376 0.00001031
260.00000000 0.00053695 0.00001078
261.00000000 0.00056946 0.00001143
262.00000000 0.00059637 0.00001197
263.00000000 0.00061610 0.00001235
264.00000000 0.00060859 0.00001219
265.00000000 0.00076130 0.00001522
266.00000000 0.00096785 0.00001933
267.00000000 0.00075367 0.00001503
268.00000000 0.00072279 0.00001440
269.00000000 0.00072591 0.00001449
270.00000000 0.00072886 0.00001460
271.00000000 0.00072889 0.00001465
272.00000000 0.00071117 0.00001435
273.00000000 0.00068229 0.00001381
274.00000000 0.00067108 0.00001364
275.00000000 0.00067989 0.00001387
276.00000000 0.00068749 0.00001405
277.00000000 0.00069493 0.00001421
278.00000000 0.00070039 0.00001432
279.00000000 0.00070069 0.00001432
280.00000000 0.00069990 0.00001431
281.00000000 0.00069953 0.00001430
282.00000000 0.00070620 0.00001444
283.00000000 0.00071958 0.00001471
284.00000000 0.00073245 0.00001498
285.00000000 0.00075267 0.00001539
286.00000000 0.00078018 0.00001595
287.00000000 0.00081270 0.00001662
288.00000000 0.00084393 0.00001726
289.00000000 0.00086921 0.00001779
290.00000000 0.00089131 0.00001836
291.00000000 0.00091482 0.00001899
292.00000000 0.00093113 0.00001947
293.00000000 0.00094675 0.00001995
294.00000000 0.00096874 0.00002057
295.00000000 0.00099083 0.00002121
296.00000000 0.00101619 0.00002188
297.00000000 0.00104677 0.00002255
298.00000000 0.00109283 0.00002355
299.00000000 0.00115639 0.00002494
300.00000000 0.00121923 0.00002632
301.00000000 0.00121198 0.00002620
302.00000000 0.00118474 0.00002567
303.00000000 0.00119277 0.00002595
304.00000000 0.00122597 0.00002689
305.00000000 0.00188065 0.00004193
306.00000000 0.01105923 0.00026254
307.00000000 0.02093233 0.00052416
308.00000000 0.03269466 0.00089289
309.00000000 0.14390567 0.00497818
310.00000000 0.05108243 0.00332672
311.00000000 -0.03171864 0.00826309
312.00000000 -0.10418579 0.00493892
313.00000000 -2.01714437 0.06522337
314.00000000 -0.09099331 0.00257188
315.00000000 -0.17488116 0.00470322
316.00000000 -0.30751391 0.00814626
317.00000000 -0.42791655 0.01134654
318.00000000 -0.46617805 0.01247468
319.00000000 -0.72201650 0.01958633
320.00000000 -2.10614430 0.05806986
321.00000000 -0.60057457 0.01685607
322.00000000 -3.45574589 0.09882330
323.00000000 -2.62928286 0.07665123
324.00000000 -1.76568258 0.05249148
325.00000000 -2.61319633 0.07923232
326.00000000 -29.07987925 0.89926825
327.00000000 80.15995769 -2.52813012
