0.00000000 0.14528716 0.01615838
1.00000000 1.10911444 0.12057810
2.00000000 0.08162929 0.00867047
3.00000000 -0.02457299 -0.00254878
4.00000000 0.05864449 0.00593669
5.00000000 0.11672009 0.01152550
6.00000000 0.07694807 0.00740716
7.00000000 0.16280502 0.01526842
8.00000000 -0.12618689 -0.01152213
9.00000000 0.13436891 0.01193759
10.00000000 -0.27900132 -0.02410001
11.00000000 0.06193648 0.00519793
12.00000000 0.37490704 0.03054529
13.00000000 0.04952997 0.00391448
14.00000000 0.11396380 0.00872953
15.00000000 0.10857488 0.00805351
16.00000000 0.68183487 0.04892857
17.00000000 -0.19170326 -0.01329589
18.00000000 0.05987863 0.00400978
19.00000000 0.13459585 0.00869319
20.00000000 0.03888206 0.00241942
21.00000000 0.01936102 0.00115931
22.00000000 0.00395680 0.00022772
23.00000000 0.00036491 0.00002016
24.00000000 0.00009869 0.00000523
25.00000000 0.00007962 0.00000404
26.00000000 0.00007573 0.00000367
27.00000000 0.00007232 0.00000335
28.00000000 0.00007003 0.00000309
29.00000000 0.00006791 0.00000286
30.00000000 0.00006654 0.00000266
31.00000000 0.00006520 0.00000248
32.00000000 0.00006403 0.00000231
33.00000000 0.00006314 0.00000217
34.00000000 0.00006219 0.00000203
35.00000000 0.00006166 0.00000191
36.00000000 0.00006104 0.00000180
37.00000000 0.00006088 0.00000172
38.00000000 0.00006039 0.00000164
39.00000000 0.00006010 0.00000157
40.00000000 0.00005960 0.00000152
41.00000000 0.00005923 0.00000150
42.00000000 0.00005910 0.00000150
43.00000000 0.00005898 0.00000149
44.00000000 0.00005898 0.00000149
45.00000000 0.00005888 0.00000148
46.00000000 0.00005874 0.00000148
47.00000000 0.00005852 0.00000147
48.00000000 0.00005858 0.00000147
49.00000000 0.00005863 0.00000146
50.00000000 0.00005872 0.00000146
51.00000000 0.00005884 0.00000146
52.00000000 0.00005883 0.00000146
53.00000000 0.00005872 0.00000146
54.00000000 0.00005854 0.00000145
55.00000000 0.00005851 0.00000145
56.00000000 0.00005849 0.00000145
57.00000000 0.00005861 0.00000145
58.00000000 0.00005865 0.00000145
59.00000000 0.00005867 0.00000145
60.00000000 0.00005859 0.00000145
61.00000000 0.00005845 0.00000140
62.00000000 0.00005853 0.00000134
63.00000000 0.00005852 0.00000129
64.00000000 0.00005864 0.00000125
65.00000000 0.00005852 0.00000121
66.00000000 0.00005836 0.00000117
67.00000000 0.00005827 0.00000115
68.00000000 0.00005824 0.00000114
69.00000000 0.00005845 0.00000115
70.00000000 0.00005858 0.00000115
71.00000000 0.00005908 0.00000116
72.00000000 0.00005939 0.00000117
73.00000000 0.00005966 0.00000117
74.00000000 0.00005983 0.00000117
75.00000000 0.00006010 0.00000118
76.00000000 0.00006018 0.00000118
77.00000000 0.00006013 0.00000118
78.00000000 0.00006006 0.00000118
79.00000000 0.00005998 0.00000118
80.00000000 0.00006015 0.00000118
81.00000000 0.00006027 0.00000118
82.00000000 0.00006040 0.00000118
83.00000000 0.00006050 0.00000119
84.00000000 0.00006040 0.00000118
85.00000000 0.00006048 0.00000119
86.00000000 0.00006046 0.00000119
87.00000000 0.00006072 0.00000119
88.00000000 0.00006093 0.00000119
89.00000000 0.00006125 0.00000120
90.00000000 0.00006140 0.00000120
91.00000000 0.00006129 0.00000120
92.00000000 0.00006117 0.00000120
93.00000000 0.00006121 0.00000120
94.00000000 0.00006195 0.00000121
95.00000000 0.00006220 0.00000121
96.00000000 0.00006262 0.00000122
97.00000000 0.00006273 0.00000122
98.00000000 0.00006283 0.00000123
99.00000000 0.00006310 0.00000123
100.00000000 0.00006321 0.00000123
101.00000000 0.00006373 0.00000124
102.00000000 0.00006428 0.00000125
103.00000000 0.00006518 0.00000127
104.00000000 0.00006636 0.00000130
105.00000000 0.00006699 0.00000131
106.00000000 0.00006761 0.00000132
107.00000000 0.00006753 0.00000132
108.00000000 0.00006638 0.00000130
109.00000000 0.00006658 0.00000130
110.00000000 0.00006876 0.00000134
111.00000000 0.00007130 0.00000139
112.00000000 0.00006883 0.00000134
113.00000000 0.00006954 0.00000136
114.00000000 0.00007039 0.00000137
115.00000000 0.00007158 0.00000140
116.00000000 0.00007099 0.00000139
117.00000000 0.00007029 0.00000137
118.00000000 0.00006978 0.00000136
119.00000000 0.00006912 0.00000135
120.00000000 0.00006903 0.00000135
121.00000000 0.00006948 0.00000136
122.00000000 0.00006994 0.00000137
123.00000000 0.00007030 0.00000137
124.00000000 0.00007050 0.00000138
125.00000000 0.00007083 0.00000138
126.00000000 0.00007156 0.00000140
127.00000000 0.00007219 0.00000141
128.00000000 0.00007280 0.00000142
129.00000000 0.00007326 0.00000143
130.00000000 0.00007400 0.00000144
131.00000000 0.00007488 0.00000146
132.00000000 0.00007554 0.00000148
133.00000000 0.00007615 0.00000149
134.00000000 0.00007646 0.00000149
135.00000000 0.00007706 0.00000150
136.00000000 0.00007747 0.00000151
137.00000000 0.00007814 0.00000153
138.00000000 0.00007893 0.00000154
139.00000000 0.00007976 0.00000156
140.00000000 0.00008044 0.00000157
141.00000000 0.00008095 0.00000158
142.00000000 0.00008179 0.00000160
143.00000000 0.00008267 0.00000161
144.00000000 0.00008357 0.00000163
145.00000000 0.00008442 0.00000165
146.00000000 0.00008565 0.00000167
147.00000000 0.00008704 0.00000170
148.00000000 0.00008812 0.00000172
149.00000000 0.00008879 0.00000173
150.00000000 0.00008927 0.00000174
151.00000000 0.00009045 0.00000177
152.00000000 0.00009194 0.00000180
153.00000000 0.00009342 0.00000183
154.00000000 0.00009441 0.00000185
155.00000000 0.00009539 0.00000186
156.00000000 0.00009692 0.00000188
157.00000000 0.00009846 0.00000191
158.00000000 0.00010006 0.00000193
159.00000000 0.00010113 0.00000195
160.00000000 0.00010227 0.00000197
161.00000000 0.00010418 0.00000200
162.00000000 0.00010626 0.00000204
163.00000000 0.00010816 0.00000208
164.00000000 0.00010985 0.00000211
165.00000000 0.00011148 0.00000214
166.00000000 0.00011249 0.00000216
167.00000000 0.00011440 0.00000220
168.00000000 0.00011676 0.00000224
169.00000000 0.00011871 0.00000228
170.00000000 0.00012105 0.00000233
171.00000000 0.00012381 0.00000238
172.00000000 0.00012692 0.00000244
173.00000000 0.00012978 0.00000250
174.00000000 0.00013295 0.00000256
175.00000000 0.00013578 0.00000261
176.00000000 0.00013955 0.00000269
177.00000000 0.00014232 0.00000274
178.00000000 0.00014432 0.00000278
179.00000000 0.00014956 0.00000288
180.00000000 0.00015006 0.00000289
181.00000000 0.00014928 0.00000287
182.00000000 0.00015156 0.00000292
183.00000000 0.00015858 0.00000305
184.00000000 0.00016758 0.00000323
185.00000000 0.00016972 0.00000327
186.00000000 0.00013840 0.00000267
187.00000000 0.00017744 0.00000342
188.00000000 0.00061846 0.00001191
189.00000000 0.00026163 0.00000504
190.00000000 0.00020737 0.00000400
191.00000000 0.00020720 0.00000399
192.00000000 0.00020707 0.00000399
193.00000000 0.00020672 0.00000398
194.00000000 0.00020592 0.00000397
195.00000000 0.00020222 0.00000390
196.00000000 0.00019917 0.00000384
197.00000000 0.00020245 0.00000390
198.00000000 0.00020926 0.00000404
199.00000000 0.00021727 0.00000419
200.00000000 0.00022524 0.00000434
201.00000000 0.00023314 0.00000450
202.00000000 0.00024042 0.00000464
203.00000000 0.00024603 0.00000475
204.00000000 0.00025149 0.00000485
205.00000000 0.00025834 0.00000498
206.00000000 0.00026730 0.00000516
207.00000000 0.00027450 0.00000530
208.00000000 0.00028346 0.00000547
209.00000000 0.00028883 0.00000559
210.00000000 0.00029421 0.00000571
211.00000000 0.00030408 0.00000591
212.00000000 0.00031009 0.00000605
213.00000000 0.00031505 0.00000616
214.00000000 0.00031869 0.00000625
215.00000000 0.00032310 0.00000636
216.00000000 0.00032907 0.00000650
217.00000000 0.00033771 0.00000670
218.00000000 0.00034076 0.00000678
219.00000000 0.00033914 0.00000678
220.00000000 0.00034313 0.00000689
221.00000000 0.00034862 0.00000703
222.00000000 0.00035258 0.00000711
223.00000000 0.00034920 0.00000705
224.00000000 0.00035007 0.00000706
225.00000000 0.00035390 0.00000714
226.00000000 0.00035294 0.00000712
227.00000000 0.00035045 0.00000707
228.00000000 0.00034593 0.00000698
229.00000000 0.00034718 0.00000700
230.00000000 0.00034716 0.00000700
231.00000000 0.00034598 0.00000698
232.00000000 0.00034155 0.00000689
233.00000000 0.00034152 0.00000688
234.00000000 0.00034189 0.00000689
235.00000000 0.00033622 0.00000678
236.00000000 0.00033156 0.00000668
237.00000000 0.00032687 0.00000658
238.00000000 0.00032294 0.00000650
239.00000000 0.00032001 0.00000644
240.00000000 0.00032165 0.00000648
241.00000000 0.00031867 0.00000642
242.00000000 0.00031383 0.00000632
243.00000000 0.00031447 0.00000632
244.00000000 0.00031374 0.00000631
245.00000000 0.00031064 0.00000625
246.00000000 0.00030946 0.00000622
247.00000000 0.00030973 0.00000623
248.00000000 0.00030539 0.00000614
249.00000000 0.00030458 0.00000612
250.00000000 0.00030228 0.00000608
251.00000000 0.00029849 0.00000600
252.00000000 0.00029822 0.00000599
253.00000000 0.00029431 0.00000591
254.00000000 0.00029147 0.00000586
255.00000000 0.00029042 0.00000583
256.00000000 0.00029119 0.00000585
257.00000000 0.00029020 0.00000583
258.00000000 0.00028728 0.00000577
259.00000000 0.00028636 0.00000575
260.00000000 0.00028546 0.00000573
261.00000000 0.00028849 0.00000579
262.00000000 0.00029082 0.00000584
263.00000000 0.00029625 0.00000595
264.00000000 0.00029927 0.00000601
265.00000000 0.00030389 0.00000610
266.00000000 0.00031079 0.00000624
267.00000000 0.00032393 0.00000650
268.00000000 0.00034340 0.00000689
269.00000000 0.00035816 0.00000719
270.00000000 0.00037004 0.00000743
271.00000000 0.00036544 0.00000734
272.00000000 0.00045950 0.00000922
273.00000000 0.00057665 0.00001157
274.00000000 0.00044773 0.00000899
275.00000000 0.00042938 0.00000863
276.00000000 0.00042948 0.00000865
277.00000000 0.00043170 0.00000872
278.00000000 0.00043020 0.00000871
279.00000000 0.00042050 0.00000854
280.00000000 0.00040282 0.00000820
281.00000000 0.00039584 0.00000808
282.00000000 0.00040000 0.00000818
283.00000000 0.00040357 0.00000825
284.00000000 0.00040698 0.00000832
285.00000000 0.00040812 0.00000834
286.00000000 0.00040754 0.00000833
287.00000000 0.00040513 0.00000828
288.00000000 0.00040544 0.00000829
289.00000000 0.00040750 0.00000833
290.00000000 0.00041338 0.00000845
291.00000000 0.00041988 0.00000859
292.00000000 0.00042819 0.00000876
293.00000000 0.00044362 0.00000907
294.00000000 0.00045826 0.00000937
295.00000000 0.00047608 0.00000974
296.00000000 0.00048830 0.00001006
297.00000000 0.00049801 0.00001034
298.00000000 0.00050968 0.00001066
299.00000000 0.00051311 0.00001081
300.00000000 0.00051999 0.00001104
301.00000000 0.00052730 0.00001129
302.00000000 0.00053543 0.00001153
303.00000000 0.00054784 0.00001180
304.00000000 0.00056090 0.00001209
305.00000000 0.00058743 0.00001267
306.00000000 0.00061615 0.00001330
307.00000000 0.00064521 0.00001395
308.00000000 0.00062493 0.00001354
309.00000000 0.00059108 0.00001286
310.00000000 0.00057024 0.00001251
311.00000000 0.00057357 0.00001280
312.00000000 0.00085957 0.00002045
313.00000000 0.00597486 0.00014987
314.00000000 0.01027668 0.00028198
315.00000000 0.00428406 0.00014994
316.00000000 0.01195038 0.00080728
317.00000000 -0.00040014 0.00008927
318.00000000 -0.00573960 0.00026656
319.00000000 -0.00396767 0.00012742
320.00000000 0.01050001 -0.00029602
321.00000000 0.01144470 -0.00030752
322.00000000 -0.11197180 0.00296573
323.00000000 0.01973874 -0.00052349
324.00000000 -0.01515370 0.00040566
325.00000000 -0.27725787 0.00752503
326.00000000 -0.02738883 0.00075559
327.00000000 1.28790138 -0.03616901
328.00000000 -0.48298679 0.01382064
329.00000000 0.10509058 -0.00306569
330.00000000 0.12476180 -0.00371145
331.00000000 -0.16322753 0.00495235
332.00000000 0.46360820 -0.01434616
333.00000000 -0.16423130 0.00518305
334.00000000 -1.05563202 0.03397360
335.00000000 -0.32382132 0.01062606
336.00000000 0.65879808 -0.02203859
337.00000000 0.56284560 -0.01919124
338.00000000 2.39446160 -0.08319855
339.00000000 0.82166388 -0.02908732
340.00000000 -0.57258514 0.02064694
341.00000000 -11.14556568 0.40928565
342.00000000 -0.73961639 0.02765294
343.00000000 566.79218954 -21.57098726
344.00000000 -3.06885480 0.11885980
345.00000000 2.36430933 -0.09317018
346.00000000 1.54822255 -0.06206148
347.00000000 -2.48434746 0.10127920
348.00000000 8.66643037 -0.35922911
349.00000000 -2.12999236 0.08975074
350.00000000 -10.16523712 0.43532432
351.00000000 -3.00071306 0.13057603
352.00000000 7.29180782 -0.32234981
353.00000000 4.89968915 -0.22000122
354.00000000 26.16354295 -1.19297177
355.00000000 6.62879545 -0.30687362
356.00000000 -4.12324766 0.19376331
357.00000000 -37.54354629 1.79057308
358.00000000 -4.03808942 0.19542329
359.00000000 -36.19201827 1.77695908
360.00000000 -11.58261469 0.57684294
361.00000000 9.84990303 -0.49749983
362.00000000 9.97078260 -0.51065244
363.00000000 -10.15308575 0.52717651
364.00000000 31.23257786 -1.64382577
365.00000000 -8.65928247 0.46190150
366.00000000 -42.56201048 2.30059449
367.00000000 -11.33526689 0.62077257
368.00000000 24.16870879 -1.34082079
369.00000000 18.86718520 -1.06017103
370.00000000 -372.14161198 21.17702287
371.00000000 19.37087668 -1.11617265
372.00000000 -14.42873355 0.84173339
373.00000000 -813.55650190 48.04390843
374.00000000 -12.42360022 0.74258051
375.00000000 -427.51905973 25.86064749
376.00000000 -45.37110883 2.77711978
377.00000000 45.45451238 -2.81493326
378.00000000 22.85138722 -1.43161157
379.00000000 -29.78028558 1.88716429
380.00000000 61.67890450 -3.95306029
381.00000000 -23.95970749 1.55289803
382.00000000 -104.03194016 6.81777153
383.00000000 -27.44011741 1.81813722
384.00000000 56.36680199 -3.77555304
385.00000000 44.44290356 -3.00904401
386.00000000 591.79031905 -40.49638258
387.00000000 50.95415906 -3.52374485
388.00000000 -35.66377875 2.49220425
389.00000000 212.71486321 -15.01901346
390.00000000 -31.89885677 2.27542548
391.00000000 -555.11660159 40.00120215
392.00000000 -68.67159521 4.99833610
393.00000000 70.04547455 -5.14928342
394.00000000 79.64494311 -5.91293275
395.00000000 -68.38103735 5.12647407
396.00000000 111.79142689 -8.46234920
397.00000000 -55.00455499 4.20380098
398.00000000 -333.24658517 25.71180679
399.00000000 -64.02010306 4.98619924
400.00000000 166.18154076 -13.06429619
401.00000000 95.39823833 -7.56933600
402.00000000 -408.70129753 32.72671764
403.00000000 114.04607717 -9.21554833
404.00000000 -79.97464105 6.52083915
405.00000000 594.79980722 -48.93266647
406.00000000 -73.22536702 6.07762024
407.00000000 -735.62230278 61.59400093
408.00000000 -123.96522965 10.47039460
409.00000000 147.09446176 -12.53163478
410.00000000 136.79878438 -11.75468523
411.00000000 -129.99118378 11.26495903
412.00000000 280.52520718 -24.51571874
413.00000000 -104.77551659 9.23336706
414.00000000 -451.04683580 40.07933165
415.00000000 -112.74304954 10.10086509
416.00000000 579.40160903 -52.33476919
417.00000000 302.63274008 -27.55755191
418.00000000 -2521.11809588 231.42204209
419.00000000 177.88567673 -16.45934035
420.00000000 -145.41714749 13.56189831
421.00000000 4868.40542478 -457.61358551
422.00000000 -135.00279353 12.78899784
423.00000000 -589.65087598 56.29177407
424.00000000 -225.30329165 21.67448392
425.00000000 467.01429643 -45.27078387
426.00000000 252.79967978 -24.69145533
427.00000000 -244.90364261 24.10037534
428.00000000 410.18396736 -40.66699057
429.00000000 -214.69277051 21.44333324
430.00000000 -695.87891878 70.01597336
431.00000000 -203.81307444 20.65672324
432.00000000 -11658.16881500 1190.15451431
433.00000000 1034.18400994 -106.33896446
434.00000000 2109.06866335 -218.41638091
435.00000000 307.85219301 -32.10814318
436.00000000 -247.04742284 25.94839959
437.00000000 4029.91438264 -426.24816125
438.00000000 -222.17316332 23.66323770
439.00000000 -725.19694715 77.77393716
440.00000000 -396.15113792 42.77741389
441.00000000 3797.72273298 -412.88830643
442.00000000 344.39306048 -37.69640177
443.00000000 -468.58602794 51.63589793
444.00000000 1797.47129045 -199.39865123
445.00000000 -333.38010848 37.22879641
446.00000000 -1498.44690578 168.43842582
447.00000000 -317.03041046 35.87095250
448.00000000 81530.23020966 -9285.06025728
449.00000000 216.56616738 -24.82349147
450.00000000 -1698.32574247 195.92136121
451.00000000 445.55011085 -51.72832981
452.00000000 -391.53902903 45.74681221
453.00000000 7146.45356421 -840.25907500
454.00000000 -345.79248993 40.91270943
455.00000000 -1506.23135318 179.32374557
456.00000000 -508.51561442 60.91684889
457.00000000 1480.97309647 -178.50529599
458.00000000 581.88066556 -70.56553418
459.00000000 -676.51821037 82.54240655
460.00000000 1325.05833747 -162.65068863
461.00000000 -462.44823574 57.10732669
462.00000000 -1701.34068345 211.35498381
463.00000000 -432.21008707 54.01240071
464.00000000 -2095.73185048 263.44910236
465.00000000 2503.94513468 -316.61644218
466.00000000 -4912.89712924 624.85515786
467.00000000 1553.76630891 -198.76777276
468.00000000 -483.87450329 62.25830657
469.00000000 -5873.57737034 760.07670577
470.00000000 -450.87953913 58.68018161
471.00000000 -1256.17673826 164.41598453
472.00000000 -652.59528578 85.89856755
473.00000000 14725.35084690 -1949.13903072
474.00000000 932.57903727 -124.13224751
475.00000000 -705.78596108 94.46709417
476.00000000 4025.38521574 -541.76440810
477.00000000 -632.77730838 85.63207176
478.00000000 -1563.42820159 212.73219339
479.00000000 -602.98543386 82.49338757
