0.00000000 0.16279383 0.01569093
1.00000000 -0.12432754 -0.01167508
2.00000000 -0.05954669 -0.00544443
3.00000000 -0.09624133 -0.00856182
4.00000000 -0.06086447 -0.00526468
5.00000000 0.28341065 0.02381817
6.00000000 -0.10228016 -0.00834512
7.00000000 0.12955783 0.01025422
8.00000000 -1.61739115 -0.12407510
9.00000000 0.31617396 0.02348772
10.00000000 -0.12728098 -0.00914787
11.00000000 -0.10987417 -0.00763258
12.00000000 0.09337605 0.00626308
13.00000000 0.18630811 0.01205308
14.00000000 0.03476937 0.00216717
15.00000000 0.01782410 0.00106913
16.00000000 0.00374903 0.00021615
17.00000000 0.00035885 0.00001986
18.00000000 0.00009943 0.00000528
19.00000000 0.00007976 0.00000405
20.00000000 0.00007590 0.00000369
21.00000000 0.00007248 0.00000336
22.00000000 0.00007020 0.00000311
23.00000000 0.00006806 0.00000287
24.00000000 0.00006668 0.00000267
25.00000000 0.00006530 0.00000249
26.00000000 0.00006416 0.00000232
27.00000000 0.00006326 0.00000217
28.00000000 0.00006233 0.00000203
29.00000000 0.00006181 0.00000192
30.00000000 0.00006116 0.00000181
31.00000000 0.00006105 0.00000172
32.00000000 0.00006052 0.00000164
33.00000000 0.00006027 0.00000158
34.00000000 0.00005974 0.00000152
35.00000000 0.00005940 0.00000151
36.00000000 0.00005926 0.00000150
37.00000000 0.00005914 0.00000149
38.00000000 0.00005917 0.00000149
39.00000000 0.00005903 0.00000149
40.00000000 0.00005892 0.00000148
41.00000000 0.00005867 0.00000147
42.00000000 0.00005876 0.00000147
43.00000000 0.00005882 0.00000147
44.00000000 0.00005891 0.00000147
45.00000000 0.00005904 0.00000147
46.00000000 0.00005900 0.00000146
47.00000000 0.00005892 0.00000146
48.00000000 0.00005871 0.00000145
49.00000000 0.00005871 0.00000145
50.00000000 0.00005870 0.00000145
51.00000000 0.00005881 0.00000146
52.00000000 0.00005886 0.00000146
53.00000000 0.00005888 0.00000146
54.00000000 0.00005881 0.00000145
55.00000000 0.00005865 0.00000140
56.00000000 0.00005874 0.00000135
57.00000000 0.00005874 0.00000130
58.00000000 0.00005884 0.00000125
59.00000000 0.00005871 0.00000121
60.00000000 0.00005855 0.00000118
61.00000000 0.00005846 0.00000115
62.00000000 0.00005842 0.00000115
63.00000000 0.00005863 0.00000115
64.00000000 0.00005876 0.00000115
65.00000000 0.00005924 0.00000116
66.00000000 0.00005957 0.00000117
67.00000000 0.00005983 0.00000117
68.00000000 0.00005998 0.00000118
69.00000000 0.00006024 0.00000118
70.00000000 0.00006034 0.00000118
71.00000000 0.00006026 0.00000118
72.00000000 0.00006021 0.00000118
73.00000000 0.00006012 0.00000118
74.00000000 0.00006031 0.00000118
75.00000000 0.00006041 0.00000119
76.00000000 0.00006056 0.00000119
77.00000000 0.00006065 0.00000119
78.00000000 0.00006054 0.00000119
79.00000000 0.00006062 0.00000119
80.00000000 0.00006060 0.00000119
81.00000000 0.00006086 0.00000119
82.00000000 0.00006106 0.00000120
83.00000000 0.00006140 0.00000120
84.00000000 0.00006153 0.00000121
85.00000000 0.00006144 0.00000120
86.00000000 0.00006129 0.00000120
87.00000000 0.00006133 0.00000120
88.00000000 0.00006207 0.00000121
89.00000000 0.00006232 0.00000122
90.00000000 0.00006274 0.00000122
91.00000000 0.00006285 0.00000123
92.00000000 0.00006295 0.00000123
93.00000000 0.00006322 0.00000123
94.00000000 0.00006337 0.00000124
95.00000000 0.00006357 0.00000125
96.00000000 0.00006378 0.00000126
97.00000000 0.00006400 0.00000127
98.00000000 0.00006423 0.00000130
99.00000000 0.00006447 0.00000131
100.00000000 0.00006472 0.00000132
101.00000000 0.00006498 0.00000132
102.00000000 0.00006525 0.00000130
103.00000000 0.00006553 0.00000130
104.00000000 0.00006581 0.00000134
105.00000000 0.00006611 0.00000139
106.00000000 0.00006642 0.00000135
107.00000000 0.00006673 0.00000136
108.00000000 0.00006705 0.00000138
109.00000000 0.00006739 0.00000140
110.00000000 0.00006773 0.00000139
111.00000000 0.00006808 0.00000137
112.00000000 0.00006844 0.00000136
113.00000000 0.00006882 0.00000135
114.00000000 0.00006920 0.00000135
115.00000000 0.00006954 0.00000136
116.00000000 0.00007002 0.00000137
117.00000000 0.00007037 0.00000137
118.00000000 0.00007057 0.00000138
119.00000000 0.00007089 0.00000138
120.00000000 0.00007163 0.00000140
121.00000000 0.00007227 0.00000141
122.00000000 0.00007287 0.00000142
123.00000000 0.00007333 0.00000143
124.00000000 0.00007407 0.00000145
125.00000000 0.00007495 0.00000146
126.00000000 0.00007561 0.00000148
127.00000000 0.00007623 0.00000149
128.00000000 0.00007655 0.00000149
129.00000000 0.00007713 0.00000151
130.00000000 0.00007753 0.00000151
131.00000000 0.00007821 0.00000153
132.00000000 0.00007898 0.00000154
133.00000000 0.00007981 0.00000156
134.00000000 0.00008051 0.00000157
135.00000000 0.00008102 0.00000158
136.00000000 0.00008185 0.00000160
137.00000000 0.00008273 0.00000162
138.00000000 0.00008362 0.00000163
139.00000000 0.00008446 0.00000165
140.00000000 0.00008571 0.00000167
141.00000000 0.00008711 0.00000170
142.00000000 0.00008818 0.00000172
143.00000000 0.00008886 0.00000174
144.00000000 0.00008934 0.00000175
145.00000000 0.00009052 0.00000177
146.00000000 0.00009202 0.00000180
147.00000000 0.00009350 0.00000183
148.00000000 0.00009449 0.00000185
149.00000000 0.00009547 0.00000186
150.00000000 0.00009700 0.00000188
151.00000000 0.00009854 0.00000191
152.00000000 0.00010016 0.00000194
153.00000000 0.00010122 0.00000195
154.00000000 0.00010235 0.00000197
155.00000000 0.00010429 0.00000200
156.00000000 0.00010637 0.00000204
157.00000000 0.00010828 0.00000208
158.00000000 0.00010997 0.00000211
159.00000000 0.00011162 0.00000214
160.00000000 0.00011261 0.00000216
161.00000000 0.00011452 0.00000220
162.00000000 0.00011689 0.00000225
163.00000000 0.00011883 0.00000228
164.00000000 0.00012118 0.00000233
165.00000000 0.00012396 0.00000238
166.00000000 0.00012712 0.00000245
167.00000000 0.00012957 0.00000250
168.00000000 0.00013202 0.00000256
169.00000000 0.00013449 0.00000262
170.00000000 0.00013697 0.00000269
171.00000000 0.00013946 0.00000275
172.00000000 0.00014197 0.00000278
173.00000000 0.00014449 0.00000289
174.00000000 0.00014702 0.00000290
175.00000000 0.00014957 0.00000288
176.00000000 0.00015182 0.00000292
177.00000000 0.00015891 0.00000306
178.00000000 0.00016790 0.00000323
179.00000000 0.00017005 0.00000327
180.00000000 0.00013854 0.00000267
181.00000000 0.00017781 0.00000342
182.00000000 0.00021267 0.00000410
183.00000000 0.00026250 0.00000506
184.00000000 0.00020806 0.00000401
185.00000000 0.00020783 0.00000400
186.00000000 0.00020763 0.00000400
187.00000000 0.00020731 0.00000399
188.00000000 0.00020647 0.00000398
189.00000000 0.00020278 0.00000391
190.00000000 0.00019972 0.00000385
191.00000000 0.00020299 0.00000391
192.00000000 0.00020979 0.00000405
193.00000000 0.00021793 0.00000420
194.00000000 0.00022591 0.00000436
195.00000000 0.00023384 0.00000451
196.00000000 0.00024119 0.00000465
197.00000000 0.00024676 0.00000476
198.00000000 0.00025229 0.00000487
199.00000000 0.00025916 0.00000500
200.00000000 0.00026821 0.00000518
201.00000000 0.00027548 0.00000532
202.00000000 0.00028434 0.00000549
203.00000000 0.00028977 0.00000561
204.00000000 0.00029508 0.00000572
205.00000000 0.00030507 0.00000593
206.00000000 0.00031119 0.00000607
207.00000000 0.00031615 0.00000618
208.00000000 0.00031984 0.00000628
209.00000000 0.00032423 0.00000638
210.00000000 0.00033020 0.00000652
211.00000000 0.00033889 0.00000672
212.00000000 0.00034200 0.00000681
213.00000000 0.00034034 0.00000680
214.00000000 0.00034435 0.00000691
215.00000000 0.00034991 0.00000705
216.00000000 0.00035385 0.00000714
217.00000000 0.00035044 0.00000707
218.00000000 0.00035135 0.00000709
219.00000000 0.00035525 0.00000717
220.00000000 0.00035430 0.00000715
221.00000000 0.00035188 0.00000710
222.00000000 0.00034733 0.00000700
223.00000000 0.00034853 0.00000703
224.00000000 0.00034867 0.00000703
225.00000000 0.00034744 0.00000700
226.00000000 0.00034301 0.00000691
227.00000000 0.00034295 0.00000691
228.00000000 0.00034323 0.00000692
229.00000000 0.00033759 0.00000680
230.00000000 0.00033292 0.00000671
231.00000000 0.00032818 0.00000661
232.00000000 0.00032427 0.00000653
233.00000000 0.00032131 0.00000647
234.00000000 0.00032280 0.00000650
235.00000000 0.00032001 0.00000644
236.00000000 0.00031502 0.00000634
237.00000000 0.00031565 0.00000635
238.00000000 0.00031489 0.00000633
239.00000000 0.00031188 0.00000627
240.00000000 0.00031065 0.00000625
241.00000000 0.00031079 0.00000625
242.00000000 0.00030645 0.00000616
243.00000000 0.00030557 0.00000614
244.00000000 0.00030322 0.00000609
245.00000000 0.00029943 0.00000602
246.00000000 0.00029919 0.00000601
247.00000000 0.00029520 0.00000593
248.00000000 0.00029245 0.00000588
249.00000000 0.00029138 0.00000585
250.00000000 0.00029208 0.00000587
251.00000000 0.00029105 0.00000585
252.00000000 0.00028809 0.00000579
253.00000000 0.00028717 0.00000577
254.00000000 0.00028628 0.00000575
255.00000000 0.00028927 0.00000581
256.00000000 0.00029163 0.00000586
257.00000000 0.00029699 0.00000596
258.00000000 0.00029999 0.00000602
259.00000000 0.00030458 0.00000611
260.00000000 0.00031148 0.00000625
261.00000000 0.00032451 0.00000651
262.00000000 0.00034398 0.00000690
263.00000000 0.00035877 0.00000720
264.00000000 0.00037055 0.00000744
265.00000000 0.00036592 0.00000734
266.00000000 0.00045984 0.00000923
267.00000000 0.00057644 0.00001157
268.00000000 0.00044793 0.00000899
269.00000000 0.00042970 0.00000864
270.00000000 0.00042956 0.00000866
271.00000000 0.00043207 0.00000873
272.00000000 0.00043035 0.00000872
273.00000000 0.00042072 0.00000854
274.00000000 0.00040290 0.00000820
275.00000000 0.00039620 0.00000809
276.00000000 0.00040043 0.00000819
277.00000000 0.00040405 0.00000826
278.00000000 0.00040757 0.00000833
279.00000000 0.00040870 0.00000836
280.00000000 0.00040802 0.00000834
281.00000000 0.00040574 0.00000830
282.00000000 0.00040609 0.00000830
283.00000000 0.00040835 0.00000835
284.00000000 0.00041436 0.00000847
285.00000000 0.00042141 0.00000862
286.00000000 0.00042939 0.00000878
287.00000000 0.00044502 0.00000910
288.00000000 0.00046033 0.00000942
289.00000000 0.00047786 0.00000978
290.00000000 0.00049078 0.00001011
291.00000000 0.00050008 0.00001038
292.00000000 0.00051234 0.00001071
293.00000000 0.00051448 0.00001084
294.00000000 0.00052186 0.00001108
295.00000000 0.00052834 0.00001131
296.00000000 0.00053847 0.00001159
297.00000000 0.00054965 0.00001184
298.00000000 0.00056420 0.00001216
299.00000000 0.00059034 0.00001273
300.00000000 0.00061553 0.00001329
301.00000000 0.00065098 0.00001407
302.00000000 0.00061979 0.00001343
303.00000000 0.00059404 0.00001292
304.00000000 0.00056655 0.00001243
305.00000000 0.00057337 0.00001278
306.00000000 0.00083948 0.00001993
307.00000000 0.00546949 0.00013696
308.00000000 0.00712803 0.00019467
309.00000000 0.00378279 0.00013086
310.00000000 0.01034600 0.00067378
311.00000000 -0.00031426 0.00008187
312.00000000 -0.01367608 0.00064831
313.00000000 -0.00383274 0.00012393
314.00000000 0.00694559 -0.00019631
315.00000000 0.02840392 -0.00076389
316.00000000 0.01079740 -0.00028603
317.00000000 0.02346881 -0.00062229
318.00000000 -0.01334762 0.00035718
319.00000000 0.34807902 -0.00944243
320.00000000 -0.02328040 0.00064188
321.00000000 0.15776248 -0.00442785
322.00000000 -0.14619219 0.00418063
323.00000000 0.07277719 -0.00212167
324.00000000 0.20231413 -0.00601454
325.00000000 0.96166272 -0.02915769
326.00000000 0.41618909 -0.01287026
327.00000000 -0.14992550 0.00472844
