0.00000000 2.69838002 0.00871392
1.00000000 2.69092828 0.00871393
2.00000000 2.68347653 0.00871393
3.00000000 2.67602478 0.00871393
4.00000000 2.66857303 0.00871393
5.00000000 2.66112128 0.00871392
6.00000000 2.65366954 0.00871393
7.00000000 2.64621779 0.00871393
8.00000000 2.63876604 0.00871393
9.00000000 2.63131429 0.00871393
10.00000000 2.62386254 0.00871392
11.00000000 2.61641080 0.00871393
12.00000000 2.60895905 0.00871393
13.00000000 2.60150730 0.00871393
14.00000000 2.59405555 0.00871392
15.00000000 2.58660381 0.00871393
16.00000000 2.57915206 0.00871393
17.00000000 2.57170031 0.00871393
18.00000000 2.56424856 0.00871393
19.00000000 2.55679681 0.00871392
20.00000000 2.54934507 0.00871393
21.00000000 2.54189332 0.00871393
22.00000000 2.53444157 0.00871393
23.00000000 2.52698982 0.00871393
24.00000000 2.51953807 0.00871392
25.00000000 2.51208633 0.00871393
26.00000000 2.50463458 0.00871288
27.00000000 2.49718283 0.00871182
28.00000000 2.48973108 0.00871077
29.00000000 2.48227933 0.00870970
30.00000000 2.47482759 0.00870865
31.00000000 2.46737584 0.00870760
32.00000000 2.45992409 0.00870654
33.00000000 2.45247234 0.00870549
34.00000000 2.44502059 0.00870442
35.00000000 2.43756885 0.00870338
36.00000000 2.43011710 0.00870232
37.00000000 2.42266535 0.00870126
38.00000000 2.41521360 0.00870021
39.00000000 2.40776185 0.00869914
40.00000000 2.40031011 0.00869810
41.00000000 2.39285836 0.00869704
42.00000000 2.38540661 0.00869599
43.00000000 2.37795486 0.00869493
44.00000000 2.37050311 0.00869386
45.00000000 2.36305137 0.00869282
46.00000000 2.35559962 0.00869176
47.00000000 2.34814787 0.00869071
48.00000000 2.34069612 0.00868965
49.00000000 2.33324437 0.00868858
50.00000000 2.32579263 0.00868754
51.00000000 2.31834088 0.00868648
52.00000000 2.31088913 0.00868543
53.00000000 2.30343738 0.00868436
54.00000000 2.29598564 0.00868332
55.00000000 2.28853389 0.00868226
56.00000000 2.28108214 0.00868120
57.00000000 2.27363039 0.00868015
58.00000000 2.26617864 0.00867908
59.00000000 2.25872690 0.00867804
60.00000000 2.25127515 0.00867698
61.00000000 2.24382340 0.00867593
62.00000000 2.23637165 0.00867487
63.00000000 2.22891990 0.00867380
64.00000000 2.22146816 0.00867276
65.00000000 2.21401641 0.00867170
66.00000000 2.20656466 0.00867065
67.00000000 2.19911291 0.00866959
68.00000000 2.19166116 0.00866852
69.00000000 2.18420942 0.00866748
70.00000000 2.17675767 0.00866642
71.00000000 2.16930592 0.00866537
72.00000000 2.16185417 0.00866431
73.00000000 2.15440242 0.00866324
74.00000000 2.14695068 0.00866220
75.00000000 2.13949893 0.00866114
76.00000000 2.13204718 0.00866009
77.00000000 2.12459543 0.00865903
78.00000000 2.11714368 0.00865797
79.00000000 2.10969194 0.00865692
80.00000000 2.10224019 0.00865587
81.00000000 2.09478844 0.00865481
82.00000000 2.08733669 0.00865375
83.00000000 2.07988494 0.00865269
84.00000000 2.07243320 0.00865164
85.00000000 2.06498145 0.00865059
86.00000000 2.05752970 0.00864953
87.00000000 2.05007795 0.00864847
88.00000000 2.04262620 0.00864741
89.00000000 2.03517446 0.00864636
90.00000000 2.02772271 0.00864531
91.00000000 2.02027096 0.00864425
92.00000000 2.01281921 0.00864320
93.00000000 2.00536746 0.00864213
94.00000000 1.99791572 0.00864108
95.00000000 1.99046397 0.00864003
96.00000000 1.98301222 0.00863897
97.00000000 1.97556047 0.00863791
98.00000000 1.96810873 0.00863686
99.00000000 1.96065698 0.00863581
100.00000000 1.95320523 0.00863475
101.00000000 1.94575348 0.00863369
102.00000000 1.93830173 0.00863263
103.00000000 1.93084999 0.00863158
104.00000000 1.92339824 0.00863053
105.00000000 1.91594649 0.00862947
106.00000000 1.90849474 0.00862841
107.00000000 1.90104299 0.00862735
108.00000000 1.89359125 0.00862630
109.00000000 1.88613950 0.00862525
110.00000000 1.87868775 0.00862419
111.00000000 1.87123600 0.00862314
112.00000000 1.86378425 0.00862207
113.00000000 1.85633251 0.00862102
114.00000000 1.84888076 0.00861997
115.00000000 1.84142901 0.00861891
116.00000000 1.83397726 0.00861786
117.00000000 1.82652551 0.00861679
118.00000000 1.81907377 0.00861574
119.00000000 1.81162202 0.00861469
120.00000000 1.80417027 0.00861363
121.00000000 1.79671852 0.00861258
122.00000000 1.78926677 0.00861151
123.00000000 1.78181503 0.00861047
124.00000000 1.77436328 0.00860941
125.00000000 1.76691153 0.00860835
126.00000000 1.75945978 0.00860730
127.00000000 1.75200803 0.00860623
128.00000000 1.74455629 0.00860519
129.00000000 1.73710454 0.00860413
130.00000000 1.72965279 0.00860308
131.00000000 1.72220104 0.00860202
132.00000000 1.71474929 0.00860095
133.00000000 1.70729755 0.00859991
134.00000000 1.69984580 0.00859885
135.00000000 1.69239405 0.00859780
136.00000000 1.68494230 0.00859673
137.00000000 1.67749056 0.00859568
138.00000000 1.67003881 0.00859463
139.00000000 1.66258706 0.00859357
140.00000000 1.65513531 0.00859252
141.00000000 1.64768356 0.00859145
142.00000000 1.64023182 0.00859041
143.00000000 1.63278007 0.00858935
144.00000000 1.62532832 0.00858829
145.00000000 1.61787657 0.00858724
146.00000000 1.61042482 0.00858617
147.00000000 1.60297308 0.00858513
148.00000000 1.59552133 0.00858407
149.00000000 1.58806958 0.00858302
150.00000000 1.58061783 0.00858196
151.00000000 1.57316608 0.00858089
152.00000000 1.56571434 0.00857985
153.00000000 1.55826259 0.00857879
154.00000000 1.55081084 0.00857774
155.00000000 1.54335909 0.00857668
156.00000000 1.53590734 0.00857561
157.00000000 1.52845560 0.00857457
158.00000000 1.52100385 0.00857351
159.00000000 1.51355210 0.00857246
160.00000000 1.50610035 0.00857140
161.00000000 1.49864860 0.00857033
162.00000000 1.49119686 0.00856929
163.00000000 1.48374511 0.00856823
164.00000000 1.47629336 0.00856718
165.00000000 1.46884161 0.00856612
166.00000000 1.46138986 0.00856506
167.00000000 1.45393812 0.00856401
168.00000000 1.44648637 0.00856296
169.00000000 1.43903462 0.00856190
170.00000000 1.43158287 0.00856084
171.00000000 1.42413112 0.00855978
172.00000000 1.41667938 0.00855873
173.00000000 1.40922763 0.00855768
174.00000000 1.40177588 0.00855662
175.00000000 1.39432413 0.00855556
176.00000000 1.38687238 0.00855450
177.00000000 1.37942064 0.00855345
178.00000000 1.37196889 0.00855240
179.00000000 1.36451714 0.00855134
180.00000000 1.35706539 0.00855027
181.00000000 1.34961365 0.00854923
182.00000000 1.34216190 0.00854817
183.00000000 1.33471015 0.00854712
184.00000000 1.32725840 0.00854606
185.00000000 1.31980665 0.00854500
186.00000000 1.31235491 0.00854395
187.00000000 1.30490316 0.00854290
188.00000000 1.29745141 0.00854184
189.00000000 1.28999966 0.00854078
190.00000000 1.28254791 0.00853972
191.00000000 1.27509617 0.00853867
192.00000000 1.26764442 0.00853762
193.00000000 1.26019267 0.00853656
194.00000000 1.25274092 0.00853550
195.00000000 1.24528917 0.00853444
196.00000000 1.23783743 0.00853339
197.00000000 1.23038568 0.00853234
198.00000000 1.22293393 0.00853128
199.00000000 1.21548218 0.00853023
200.00000000 1.20803043 0.00852916
201.00000000 1.20057869 0.00852811
202.00000000 1.19312694 0.00852706
203.00000000 1.18567519 0.00852600
204.00000000 1.17822344 0.00852495
205.00000000 1.17077169 0.00852388
206.00000000 1.16331995 0.00852284
207.00000000 1.15586820 0.00852178
208.00000000 1.14841645 0.00852072
209.00000000 1.14096470 0.00851967
210.00000000 1.13351295 0.00851860
211.00000000 1.12606121 0.00851756
212.00000000 1.11860946 0.00851650
213.00000000 1.11115771 0.00851544
214.00000000 1.10370596 0.00851439
215.00000000 1.09625421 0.00851332
216.00000000 1.08880247 0.00851228
217.00000000 1.08135072 0.00851122
218.00000000 1.07389897 0.00851017
219.00000000 1.06644722 0.00850849
220.00000000 1.05899601 0.00850720
221.00000000 1.05154501 0.00850614
222.00000000 1.04409401 0.00850507
223.00000000 1.03664302 0.00850403
224.00000000 1.02919202 0.00850297
225.00000000 1.02174102 0.00850191
226.00000000 1.01429003 0.00850086
227.00000000 1.00683903 0.00849981
228.00000000 0.99938803 0.00849874
229.00000000 0.99193704 0.00849770
230.00000000 0.98448604 0.00849664
231.00000000 0.97703504 0.00849557
232.00000000 0.96958405 0.00849453
233.00000000 0.96213305 0.00849347
234.00000000 0.95468205 0.00849241
235.00000000 0.94723106 0.00849136
236.00000000 0.93978006 0.00849031
237.00000000 0.93232906 0.00848924
238.00000000 0.92487807 0.00848820
239.00000000 0.91742707 0.00848714
240.00000000 0.90997607 0.00848607
241.00000000 0.90252508 0.00848503
242.00000000 0.89507408 0.00848397
243.00000000 0.88762308 0.00848291
244.00000000 0.88017209 0.00848186
245.00000000 0.87272109 0.00848081
246.00000000 0.86527009 0.00847974
247.00000000 0.85781910 0.00847869
248.00000000 0.85036810 0.00847764
249.00000000 0.84291710 0.00847657
250.00000000 0.83546611 0.00847553
251.00000000 0.82801511 0.00847447
252.00000000 0.82056411 0.00847342
253.00000000 0.81311311 0.00847235
254.00000000 0.80566212 0.00847130
255.00000000 0.79821112 0.00847025
256.00000000 0.79076012 0.00846918
257.00000000 0.78330913 0.00846814
258.00000000 0.77585813 0.00846708
259.00000000 0.76840713 0.00846601
260.00000000 0.76095614 0.00846497
261.00000000 0.75350514 0.00846391
262.00000000 0.74605414 0.00846285
263.00000000 0.73860315 0.00846180
264.00000000 0.73115215 0.00846075
265.00000000 0.72370115 0.00845968
266.00000000 0.71625016 0.00845864
267.00000000 0.70879916 0.00845758
268.00000000 0.70134816 0.00845651
269.00000000 0.69389717 0.00845547
270.00000000 0.68644617 0.00845441
271.00000000 0.67899517 0.00845335
272.00000000 0.67154418 0.00845230
273.00000000 0.66409318 0.00845125
274.00000000 0.65664218 0.00845018
275.00000000 0.64919119 0.00844913
276.00000000 0.64174019 0.00844808
277.00000000 0.63428919 0.00849433
278.00000000 0.62679646 0.00850162
279.00000000 0.61929636 0.00850055
280.00000000 0.61179627 0.00849950
281.00000000 0.60429617 0.00849844
282.00000000 0.59679607 0.00849736
283.00000000 0.58929598 0.00849631
284.00000000 0.58179588 0.00849525
285.00000000 0.57429578 0.00849419
286.00000000 0.56679568 0.00849311
287.00000000 0.55929559 0.00849206
288.00000000 0.55179549 0.00849100
289.00000000 0.54429539 0.00848992
290.00000000 0.53679530 0.00846947
291.00000000 0.52931234 0.00843676
292.00000000 0.52185735 0.00843570
293.00000000 0.51440236 0.00843465
294.00000000 0.50694737 0.00843360
295.00000000 0.49949237 0.00843253
296.00000000 0.49203738 0.00843148
297.00000000 0.48458239 0.00843042
298.00000000 0.47712740 0.00842937
299.00000000 0.46967241 0.00842831
300.00000000 0.46221742 0.00842725
301.00000000 0.45476243 0.00842620
302.00000000 0.44730744 0.00842515
303.00000000 0.43985244 0.00842408
304.00000000 0.43239745 0.00842303
305.00000000 0.42494246 0.00842197
306.00000000 0.41748747 0.00842092
307.00000000 0.41003248 0.00841986
308.00000000 0.40257749 0.00841880
309.00000000 0.39512250 0.00841880
310.00000000 0.38766751 0.00841881
311.00000000 0.38021251 0.00841880
312.00000000 0.37275752 0.00841880
313.00000000 0.36530253 0.00841880
314.00000000 0.35784754 0.00841880
315.00000000 0.35039255 0.00841880
316.00000000 0.34293756 0.00841880
317.00000000 0.33548257 0.00841880
318.00000000 0.32802758 0.00841881
319.00000000 0.32057258 0.00841880
320.00000000 0.31311759 0.00841880
321.00000000 0.30566260 0.00841880
322.00000000 0.29820761 0.00841880
323.00000000 0.29075262 0.00841880
324.00000000 0.28329763 0.00841880
325.00000000 0.27584264 0.00841880
326.00000000 0.26838765 0.00841881
327.00000000 0.26093265 0.00841880
328.00000000 0.25347766 0.00841880
329.00000000 0.24602267 0.00841880
330.00000000 0.23856768 0.00841880
331.00000000 0.23111269 0.00841880
332.00000000 0.22365770 0.00841880
333.00000000 0.21620271 0.00841880
334.00000000 0.20874772 0.00841881
335.00000000 0.20129272 0.00841880
336.00000000 0.19383773 0.00841880
337.00000000 0.18638274 0.00841880
338.00000000 0.17892775 0.00841880
339.00000000 0.17147276 0.00841880
340.00000000 0.16401777 0.00841880
341.00000000 0.15656278 0.00841880
342.00000000 0.14910779 0.00841881
343.00000000 0.14165279 0.00841880
344.00000000 0.13419780 0.00841880
345.00000000 0.12674281 0.00841880
346.00000000 0.11928782 0.00841880
347.00000000 0.11183283 0.00841880
348.00000000 0.10437784 0.00841880
349.00000000 0.09692285 0.00841880
350.00000000 0.08946786 0.00841881
351.00000000 0.08201286 0.00841880
352.00000000 0.07455787 0.00841880
353.00000000 0.06710288 0.00841880
354.00000000 0.05964789 0.00841880
355.00000000 0.05219290 0.00841880
356.00000000 0.04473791 0.00841880
357.00000000 0.03728292 0.00841880
358.00000000 0.02982793 0.00841881
359.00000000 0.02237293 0.00841880
360.00000000 0.01491794 0.00841880
361.00000000 0.00746295 0.00841880
362.00000000 0.00000796 0.00841880
363.00000000 -0.00744703 0.00841880
364.00000000 -0.01490202 0.00841880
365.00000000 -0.02235701 0.00841880
366.00000000 -0.02981200 0.00841881
367.00000000 -0.03726700 0.00841880
368.00000000 -0.04472199 0.00841880
369.00000000 -0.05217698 0.00841880
370.00000000 -0.05963197 0.00841880
371.00000000 -0.06708696 0.00841880
372.00000000 -0.07454195 0.00841880
373.00000000 -0.08199694 0.00841880
374.00000000 -0.08945193 0.00841881
375.00000000 -0.09690693 0.00841880
376.00000000 -0.10436192 0.00841880
377.00000000 -0.11181691 0.00841880
378.00000000 -0.11927190 0.00841880
379.00000000 -0.12672689 0.00841880
380.00000000 -0.13418188 0.00841880
381.00000000 -0.14163687 0.00841880
382.00000000 -0.14909186 0.00841881
383.00000000 -0.15654686 0.00841880
384.00000000 -0.16400185 0.00841880
385.00000000 -0.17145684 0.00841880
386.00000000 -0.17891183 0.00841880
387.00000000 -0.18636682 0.00841880
388.00000000 -0.19382181 0.00841880
389.00000000 -0.20127680 0.00841881
390.00000000 -0.20873180 0.00841880
391.00000000 -0.21618679 0.00841880
392.00000000 -0.22364178 0.00841880
393.00000000 -0.23109677 0.00841880
394.00000000 -0.23855176 0.00841880
395.00000000 -0.24600675 0.00841880
396.00000000 -0.25346174 0.00841880
397.00000000 -0.26091673 0.00841881
398.00000000 -0.26837173 0.00841880
399.00000000 -0.27582672 0.00841880
400.00000000 -0.28328171 0.00841880
401.00000000 -0.29073670 0.00841880
402.00000000 -0.29819169 0.00841880
403.00000000 -0.30564668 0.00841880
404.00000000 -0.31310167 0.00841880
405.00000000 -0.32055666 0.00841881
406.00000000 -0.32801166 0.00841880
407.00000000 -0.33546665 0.00841880
408.00000000 -0.34292164 0.00841880
409.00000000 -0.35037663 0.00841880
410.00000000 -0.35783162 0.00841880
411.00000000 -0.36528661 0.00841880
412.00000000 -0.37274160 0.00841880
413.00000000 -0.38019659 0.00841881
414.00000000 -0.38765159 0.00841880
415.00000000 -0.39510658 0.00841880
416.00000000 -0.40256157 0.00841880
417.00000000 -0.41001656 0.00841880
418.00000000 -0.41747155 0.00841880
419.00000000 -0.42492654 0.00841880
420.00000000 -0.43238153 0.00841880
421.00000000 -0.43983652 0.00841881
422.00000000 -0.44729152 0.00841880
423.00000000 -0.45474651 0.00841880
424.00000000 -0.46220150 0.00841880
425.00000000 -0.46965649 0.00841880
426.00000000 -0.47711148 0.00841880
427.00000000 -0.48456647 0.00841880
428.00000000 -0.49202146 0.00841880
429.00000000 -0.49947645 0.00841881
430.00000000 -0.50693145 0.00841880
431.00000000 -0.51438644 0.00841880
432.00000000 -0.52184143 0.00841880
433.00000000 -0.52929642 0.00841880
434.00000000 -0.53675141 0.00841880
435.00000000 -0.54420640 0.00841880
436.00000000 -0.55166139 0.00841880
437.00000000 -0.55911638 0.00841881
438.00000000 -0.56657138 0.00841880
439.00000000 -0.57402637 0.00841880
440.00000000 -0.58148136 0.00841880
441.00000000 -0.58893635 0.00841880
442.00000000 -0.59639134 0.00841880
443.00000000 -0.60384633 0.00841880
444.00000000 -0.61130132 0.00841880
445.00000000 -0.61875631 0.00841881
446.00000000 -0.62621131 0.00841880
447.00000000 -0.63366630 0.00841880
448.00000000 -0.64112129 0.00841880
449.00000000 -0.64857628 0.00841880
450.00000000 -0.65603127 0.00841880
451.00000000 -0.66348626 0.00841880
452.00000000 -0.67094125 0.00841880
453.00000000 -0.67839624 0.00841881
454.00000000 -0.68585124 0.00841880
455.00000000 -0.69330623 0.00841880
456.00000000 -0.70076122 0.00841880
457.00000000 -0.70821621 0.00841880
458.00000000 -0.71567120 0.00841880
459.00000000 -0.72312619 0.00841880
460.00000000 -0.73058118 0.00841880
461.00000000 -0.73803617 0.00841881
462.00000000 -0.74549117 0.00841880
463.00000000 -0.75294616 0.00841880
464.00000000 -0.76040115 0.00841880
465.00000000 -0.76785614 0.00841880
466.00000000 -0.77531113 0.00841880
467.00000000 -0.78276612 0.00841880
468.00000000 -0.79022111 0.00841880
469.00000000 -0.79767610 0.00841881
470.00000000 -0.80513110 0.00841880
471.00000000 -0.81258609 0.00841880
472.00000000 -0.82004108 0.00841880
473.00000000 -0.82749607 0.00841880
474.00000000 -0.83495106 0.00841880
475.00000000 -0.84240605 0.00841880
476.00000000 -0.84986104 0.00841880
477.00000000 -0.85731603 0.00841881
478.00000000 -0.86477103 0.00841880
479.00000000 -0.87222602 0.00841880
