0.00000000 2.65404029 0.00879227
1.00000000 2.64658590 0.00879227
2.00000000 2.63913151 0.00879227
3.00000000 2.63167712 0.00879229
4.00000000 2.62422272 0.00879227
5.00000000 2.61676833 0.00879227
6.00000000 2.60931394 0.00879227
7.00000000 2.60185955 0.00879229
8.00000000 2.59440515 0.00879227
9.00000000 2.58695076 0.00879227
10.00000000 2.57949637 0.00879227
11.00000000 2.57204198 0.00879229
12.00000000 2.56458758 0.00879227
13.00000000 2.55713319 0.00879227
14.00000000 2.54967880 0.00879227
15.00000000 2.54222441 0.00879229
16.00000000 2.53477001 0.00879227
17.00000000 2.52731562 0.00879227
18.00000000 2.51986123 0.00879227
19.00000000 2.51240684 0.00879229
20.00000000 2.50495244 0.00879069
21.00000000 2.49749805 0.00878910
22.00000000 2.49004366 0.00878751
23.00000000 2.48258927 0.00878593
24.00000000 2.47513487 0.00878433
25.00000000 2.46768048 0.00878275
26.00000000 2.46022609 0.00878117
27.00000000 2.45277169 0.00877957
28.00000000 2.44531730 0.00877798
29.00000000 2.43786291 0.00877639
30.00000000 2.43040852 0.00877482
31.00000000 2.42295412 0.00877322
32.00000000 2.41549973 0.00877163
33.00000000 2.40804534 0.00877004
34.00000000 2.40059095 0.00876846
35.00000000 2.39313655 0.00876686
36.00000000 2.38568216 0.00876528
37.00000000 2.37822777 0.00876369
38.00000000 2.37077338 0.00876211
39.00000000 2.36331898 0.00876051
40.00000000 2.35586459 0.00875892
41.00000000 2.34841020 0.00875734
42.00000000 2.34095581 0.00875576
43.00000000 2.33350141 0.00875416
44.00000000 2.32604702 0.00875257
45.00000000 2.31859263 0.00875098
46.00000000 2.31113824 0.00874941
47.00000000 2.30368384 0.00874781
48.00000000 2.29622945 0.00874622
49.00000000 2.28877506 0.00874463
50.00000000 2.28132067 0.00874305
51.00000000 2.27386627 0.00874145
52.00000000 2.26641188 0.00873987
53.00000000 2.25895749 0.00873828
54.00000000 2.25150310 0.00873670
55.00000000 2.24404870 0.00873510
56.00000000 2.23659431 0.00873351
57.00000000 2.22913992 0.00873193
58.00000000 2.22168553 0.00873035
59.00000000 2.21423113 0.00872875
60.00000000 2.20677674 0.00872716
61.00000000 2.19932235 0.00872557
62.00000000 2.19186796 0.00872400
63.00000000 2.18441356 0.00872240
64.00000000 2.17695917 0.00872081
65.00000000 2.16950478 0.00871923
66.00000000 2.16205038 0.00871763
67.00000000 2.15459599 0.00871604
68.00000000 2.14714160 0.00871446
69.00000000 2.13968721 0.00871288
70.00000000 2.13223281 0.00871128
71.00000000 2.12477842 0.00870969
72.00000000 2.11732403 0.00870810
73.00000000 2.10986964 0.00870653
74.00000000 2.10241524 0.00870493
75.00000000 2.09496085 0.00870334
76.00000000 2.08750646 0.00870175
77.00000000 2.08005207 0.00870017
78.00000000 2.07259767 0.00869857
79.00000000 2.06514328 0.00869699
80.00000000 2.05768889 0.00869540
81.00000000 2.05023450 0.00869382
82.00000000 2.04278010 0.00869222
83.00000000 2.03532571 0.00869063
84.00000000 2.02787132 0.00868905
85.00000000 2.02041693 0.00868747
86.00000000 2.01296253 0.00868587
87.00000000 2.00550814 0.00868428
88.00000000 1.99805375 0.00868269
89.00000000 1.99059936 0.00868112
90.00000000 1.98314496 0.00867952
91.00000000 1.97569057 0.00867793
92.00000000 1.96823618 0.00867634
93.00000000 1.96078179 0.00867476
94.00000000 1.95332739 0.00867316
95.00000000 1.94587300 0.00867158
96.00000000 1.93841861 0.00866999
97.00000000 1.93096422 0.00866841
98.00000000 1.92350982 0.00866681
99.00000000 1.91605543 0.00866522
100.00000000 1.90860104 0.00866364
101.00000000 1.90114665 0.00866206
102.00000000 1.89369225 0.00866046
103.00000000 1.88623786 0.00865887
104.00000000 1.87878347 0.00865730
105.00000000 1.87132907 0.00865570
106.00000000 1.86387468 0.00865411
107.00000000 1.85642029 0.00865252
108.00000000 1.84896590 0.00865094
109.00000000 1.84151150 0.00864934
110.00000000 1.83405711 0.00864776
111.00000000 1.82660272 0.00864617
112.00000000 1.81914833 0.00864459
113.00000000 1.81169393 0.00864299
114.00000000 1.80423954 0.00864140
115.00000000 1.79678515 0.00863981
116.00000000 1.78933076 0.00863824
117.00000000 1.78187636 0.00863664
118.00000000 1.77442197 0.00863505
119.00000000 1.76696758 0.00863346
120.00000000 1.75951319 0.00863189
121.00000000 1.75205879 0.00863029
122.00000000 1.74460440 0.00862870
123.00000000 1.73715001 0.00862711
124.00000000 1.72969562 0.00862553
125.00000000 1.72224122 0.00862393
126.00000000 1.71478683 0.00862235
127.00000000 1.70733244 0.00862076
128.00000000 1.69987805 0.00861918
129.00000000 1.69242365 0.00861758
130.00000000 1.68496926 0.00861599
131.00000000 1.67751487 0.00861440
132.00000000 1.67006048 0.00861283
133.00000000 1.66260608 0.00861123
134.00000000 1.65515169 0.00860964
135.00000000 1.64769730 0.00860805
136.00000000 1.64024291 0.00860648
137.00000000 1.63278851 0.00860488
138.00000000 1.62533412 0.00860329
139.00000000 1.61787973 0.00860171
140.00000000 1.61042533 0.00860011
141.00000000 1.60297094 0.00859852
142.00000000 1.59551655 0.00859694
143.00000000 1.58806216 0.00859536
144.00000000 1.58060776 0.00859376
145.00000000 1.57315337 0.00859217
146.00000000 1.56569898 0.00859058
147.00000000 1.55824459 0.00858901
148.00000000 1.55079019 0.00858741
149.00000000 1.54333580 0.00858582
150.00000000 1.53588141 0.00858423
151.00000000 1.52842702 0.00858265
152.00000000 1.52097262 0.00858105
153.00000000 1.51351823 0.00857947
154.00000000 1.50606384 0.00857788
155.00000000 1.49860945 0.00857630
156.00000000 1.49115505 0.00857470
157.00000000 1.48370066 0.00857311
158.00000000 1.47624627 0.00857153
159.00000000 1.46879188 0.00856995
160.00000000 1.46133748 0.00856835
161.00000000 1.45388309 0.00856676
162.00000000 1.44642870 0.00856517
163.00000000 1.43897431 0.00856360
164.00000000 1.43151991 0.00856200
165.00000000 1.42406552 0.00856041
166.00000000 1.41661113 0.00855882
167.00000000 1.40915674 0.00855724
168.00000000 1.40170234 0.00855564
169.00000000 1.39424795 0.00855406
170.00000000 1.38679356 0.00855247
171.00000000 1.37933917 0.00855089
172.00000000 1.37188477 0.00854929
173.00000000 1.36443038 0.00854770
174.00000000 1.35697599 0.00854612
175.00000000 1.34952160 0.00854454
176.00000000 1.34206720 0.00854294
177.00000000 1.33461281 0.00854135
178.00000000 1.32715842 0.00853977
179.00000000 1.31970402 0.00853817
180.00000000 1.31224963 0.00853659
181.00000000 1.30479524 0.00853500
182.00000000 1.29734085 0.00853342
183.00000000 1.28988645 0.00853182
184.00000000 1.28243206 0.00853023
185.00000000 1.27497767 0.00852865
186.00000000 1.26752328 0.00852707
187.00000000 1.26006888 0.00852547
188.00000000 1.25261449 0.00852388
189.00000000 1.24516010 0.00852229
190.00000000 1.23770571 0.00852072
191.00000000 1.23025131 0.00851912
192.00000000 1.22279692 0.00851753
193.00000000 1.21534253 0.00851594
194.00000000 1.20788814 0.00851436
195.00000000 1.20043374 0.00851276
196.00000000 1.19297935 0.00851118
197.00000000 1.18552496 0.00850959
198.00000000 1.17807057 0.00850801
199.00000000 1.17061617 0.00850641
200.00000000 1.16316178 0.00850482
201.00000000 1.15570739 0.00850324
202.00000000 1.14825300 0.00850166
203.00000000 1.14079860 0.00850006
204.00000000 1.13334421 0.00849847
205.00000000 1.12588982 0.00849688
206.00000000 1.11843543 0.00849531
207.00000000 1.11098103 0.00849371
208.00000000 1.10352664 0.00849212
209.00000000 1.09607225 0.00849053
210.00000000 1.08861786 0.00848895
211.00000000 1.08116346 0.00848736
212.00000000 1.07370907 0.00848577
213.00000000 1.06625468 0.00848418
214.00000000 1.05880029 0.00848260
215.00000000 1.05134589 0.00848100
216.00000000 1.04389150 0.00847941
217.00000000 1.03643711 0.00847784
218.00000000 1.02898271 0.00847624
219.00000000 1.02152832 0.00847465
220.00000000 1.01407393 0.00847306
221.00000000 1.00661954 0.00847149
222.00000000 0.99916514 0.00846989
223.00000000 0.99171075 0.00846830
224.00000000 0.98425636 0.00846671
225.00000000 0.97680197 0.00846513
226.00000000 0.96934757 0.00846353
227.00000000 0.96189318 0.00846195
228.00000000 0.95443879 0.00846036
229.00000000 0.94698440 0.00845878
230.00000000 0.93953000 0.00845718
231.00000000 0.93207561 0.00845559
232.00000000 0.92462122 0.00845400
233.00000000 0.91716683 0.00845243
234.00000000 0.90971243 0.00845083
235.00000000 0.90225804 0.00844924
236.00000000 0.89480365 0.00844765
237.00000000 0.88734926 0.00844608
238.00000000 0.87989486 0.00844448
239.00000000 0.87244047 0.00844289
240.00000000 0.86498608 0.00844130
241.00000000 0.85753169 0.00843972
242.00000000 0.85007729 0.00843812
243.00000000 0.84262290 0.00843654
244.00000000 0.83516851 0.00843495
245.00000000 0.82771412 0.00843337
246.00000000 0.82025972 0.00843177
247.00000000 0.81280533 0.00843018
248.00000000 0.80535094 0.00842859
249.00000000 0.79789655 0.00842702
250.00000000 0.79044215 0.00842542
251.00000000 0.78298776 0.00842383
252.00000000 0.77553337 0.00842225
253.00000000 0.76807897 0.00842065
254.00000000 0.76062458 0.00841907
255.00000000 0.75317019 0.00841748
256.00000000 0.74571580 0.00841590
257.00000000 0.73826140 0.00841430
258.00000000 0.73080701 0.00841271
259.00000000 0.72335262 0.00841113
260.00000000 0.71589823 0.00840955
261.00000000 0.70844383 0.00840795
262.00000000 0.70098944 0.00840636
263.00000000 0.69353505 0.00840477
264.00000000 0.68608066 0.00840320
265.00000000 0.67862626 0.00840160
266.00000000 0.67117187 0.00840001
267.00000000 0.66371748 0.00839842
268.00000000 0.65626309 0.00839684
269.00000000 0.64880869 0.00839524
270.00000000 0.64135430 0.00839366
271.00000000 0.63389991 0.00839207
272.00000000 0.62644552 0.00839049
273.00000000 0.61899112 0.00838889
274.00000000 0.61153673 0.00838730
275.00000000 0.60408234 0.00838572
276.00000000 0.59662795 0.00838414
277.00000000 0.58917355 0.00838254
278.00000000 0.58171916 0.00838095
279.00000000 0.57426477 0.00837936
280.00000000 0.56681038 0.00837779
281.00000000 0.55935598 0.00837619
282.00000000 0.55190159 0.00837460
283.00000000 0.54444720 0.00837301
284.00000000 0.53699281 0.00837143
285.00000000 0.52953841 0.00836983
286.00000000 0.52208402 0.00836825
287.00000000 0.51462963 0.00836666
288.00000000 0.50717524 0.00836508
289.00000000 0.49972084 0.00836348
290.00000000 0.49226645 0.00836189
291.00000000 0.48481206 0.00836032
292.00000000 0.47735766 0.00835872
293.00000000 0.46990327 0.00835713
294.00000000 0.46244888 0.00835554
295.00000000 0.45499449 0.00835396
296.00000000 0.44754009 0.00835237
297.00000000 0.44008570 0.00835078
298.00000000 0.43263131 0.00834919
299.00000000 0.42517692 0.00834761
300.00000000 0.41772252 0.00834601
301.00000000 0.41026813 0.00834442
302.00000000 0.40281374 0.00834284
303.00000000 0.39535935 0.00834285
304.00000000 0.38790495 0.00834284
305.00000000 0.38045056 0.00834284
306.00000000 0.37299617 0.00834284
307.00000000 0.36554178 0.00834285
308.00000000 0.35808738 0.00834284
309.00000000 0.35063299 0.00834284
310.00000000 0.34317860 0.00834284
311.00000000 0.33572421 0.00834285
312.00000000 0.32826981 0.00834284
313.00000000 0.32081542 0.00834284
314.00000000 0.31336103 0.00834284
315.00000000 0.30590664 0.00834285
316.00000000 0.29845224 0.00834284
317.00000000 0.29099785 0.00834284
318.00000000 0.28354346 0.00834284
319.00000000 0.27608907 0.00834285
320.00000000 0.26863467 0.00834284
321.00000000 0.26118028 0.00834284
322.00000000 0.25372589 0.00834284
323.00000000 0.24627150 0.00834285
324.00000000 0.23881710 0.00834284
325.00000000 0.23136271 0.00834284
326.00000000 0.22390832 0.00834284
327.00000000 0.21645393 0.00834284
