281 282 13.39665818272624 0.000679320347870596
280 290 14.52735065110027 0.0007903294753363376
279 300 13.65953367948532 0.0008026771304162418
278 309 16.24777596769854 0.0009682807873213027
236 189 15.38889556378126 0.0004021007908025747
235 191 30.33837175369262 0.00078889320546247
234 196 37.69240943342447 0.0009421220547717017
233 202 44.08017189800739 0.0010588179804446058
232 206 50.96839412115514 0.0012227141853240295
231 211 52.87627156078815 0.001303247881077237
230 216 62.92746229469776 0.001537669313368
229 221 69.24439727782737 0.0016618436012806703
228 226 71.38755165040493 0.0017003311058588478
227 231 71.12156559154391 0.0017871542248540744
226 235 59.26916048675775 0.002274205515179476
225 240 48.40972181782126 0.0018017521796579341
224 246 55.95276005379855 0.002065020416451254
223 250 54.34266423434019 0.002055332242425952
222 255 56.44968887604773 0.002212776695961856
221 260 58.44119734689593 0.0022477110062684696
220 265 57.42562488466501 0.002154134650672772
219 270 44.42886056751013 0.0016275331269066478
204 189 103.7321785986423 0.0033134271293251524
203 192 246.5521699637174 0.00781959298329372
202 196 283.0953418537974 0.008864824464827111
201 199 279.3056773291901 0.00851432417746326
200 203 222.4239585846662 0.008330084340612616
199 207 181.3105921112001 0.008020923579971197
198 211 184.5119129037484 0.007806213160997379
197 215 181.9383584409952 0.0074719743652579265
196 219 190.7768755666911 0.007652866644350125
195 223 193.1385159492492 0.007768537364991912
194 227 197.1348744742572 0.007871571881241882
193 231 182.5824334556237 0.007165810433412945
192 234 87.36676632612944 0.0033764198135399067
191 234 28.04506595619023 0.0010828553066532284
190 239 21.25299666076898 0.0008374990132817481
189 242 22.04973196238279 0.0008721835282180151
187 250 26.92726945877075 0.0010284653199913291
187 77  13.25640637427568 0.0005063177402569404
187 81  33.3606064170599  0.001228766835489695
187 255 25.54833756387233 0.000941018562670019
186 84  33.44886149093509 0.001070289480523323
186 260 22.51342748850584 0.0007203798137644415
185 87  37.4015067666769  0.0010859277161387858
185 263 20.79238587617874 0.0006036930075692045
184 90  36.21971895545721 0.0009827158485062602
184 263 21.66217650473118 0.0005877396285299407
183 93  33.27523028478026 0.0008445611139222793
183 267 17.90750630199909 0.00045451175966479006
182 95  33.27638921141624 0.0007917632302085203
181 98  33.10596028715372 0.0007951968946261977
180 101 22.34802127629518 0.0006593780811783244
179 104 23.96937225479632 0.0007842839849674336
178 108 20.79850216954946 0.0006546168781230614
177 110 21.47515314817428 0.0006621123466378831
176 113 23.58284763991832 0.0007344518508864199
175 117 15.59145210683345 0.0004867375979468018
174 116 13.30348473787307 0.0004373241476439051
173 122 21.19643557071685 0.0006669626060035996
172 126 18.73326075077057 0.000553872521238513
171 128 16.60855847597122 0.0004840174902530467
170 132 19.18017316237092 0.0005457140707826251
169 134 17.28779585659504 0.0004921470266262062
168 137 23.62502582371235 0.0006738526420101851
167 141 15.84503145515918 0.0004349741863359478
165 146 21.47633672505617 0.0005962720160903242
164 137 10.43475832045078 0.0002919348142804351
164 149 12.88872198387980 0.0003605897274402388
163 152 18.22276453673839 0.0005072871614433822
162 155 15.17950521036982 0.0004192809507481848
161 159 19.15763545036316 0.000462368607115107
160 162 11.11411096574738 0.00027738514536677537
155 256 11.22906773164868 0.0003216472629093937
155 177 12.33575551304966 0.00035334740973276947
154 179 10.16865475196391 0.0002943898098355499
129 24  14.64955794904381 0.0003195097675484409
128 25  24.17089918698184 0.0005076508730208448
127 27  34.12477913126349 0.0007200625294361626
126 29  34.7728350230027  0.0007180069885960149
125 31  40.84669903665781 0.0008606351475126558
124 33  48.1074975579977  0.001022601608085653
123 35  48.72226865589619 0.0010711150235625806
122 37  49.89186730375513 0.001121949302020696
121 39  43.32691086083650 0.0009933576685774675
120 41  45.14605982601642 0.0010908261070816155
119 43  46.06142251752317 0.0011749800487650204
118 45  40.7851573638618  0.0011282487687383589
117 47  42.41086411289871 0.0012375297170411886
116 49  43.05066427588463 0.0014384966572508829
115 51  40.50123393721878 0.0012311946079470468
114 53  41.18742491304874 0.0012779589777043093
113 55  34.85553674213588 0.0011544793255161136
112 57  39.77203406393528 0.001332741416574645
111 59  30.35581758245825 0.0012748115200362138
110 61  41.30758796259761 0.0013893321601442287
109 63  41.05249565606937 0.0013584929238648175
108 65  35.6663090926595  0.0011836340902333321
107 67  36.70327977091074 0.0013331233755996814
106 69  40.67225030809641 0.0014243125959292667
105 71  43.66093043982982 0.0015470289531097125
104 73  46.9388495311141  0.0016150630310932668
103 75  45.99343468341976 0.0015116093695143218
102 77  49.59489676356315 0.0015026219062796182
101 79  49.38895934075117 0.0014841170294731861
100 81  50.22034049034119 0.0015246543282986117
99  83  45.48109029233456 0.0014035520273595298
98  85  52.58424700424075 0.001611322331204173
97  87  54.85731469094753 0.0016776459355211336
96  89  55.24079637229442 0.0016911061047379765
95  91  44.86273624747991 0.0014019602911715043
94  93  46.32824984192848 0.0015053697015832512
93  95  46.90314999222755 0.001414209265323628
92  97  57.52362374030053 0.001667579801707848
91  99  63.55726365745067 0.0018708431511120199
89  101 57.17796344310045 0.0016723694499115027
88  103 62.60596126317978 0.0018308112473273928
87  105 54.37018360197544 0.0016820010631385521
86  108 54.29216808080673 0.0016950194564650937
85  109 51.16190722584724 0.0016773505021241975
84  111 56.38925053179264 0.0018769316697648934
83  113 56.50724259018898 0.001888786253904769
82  115 55.64673811197281 0.00193375626814528
82  117 59.82849618792534 0.0020213264324284866
80  119 51.63506722450256 0.001844549243660513
79  121 47.65261153876781 0.0017339657467148504
79  123 49.20484988391399 0.0018449555167802485
78  125 48.4095341777429  0.0017722740456427779
77  127 49.26806514710188 0.001906562715408334
76  129 47.66646451875567 0.0018793164903874002
75  131 46.1591791510582  0.001892914457645828
74  133 44.87688219919801 0.0018267262427698729
74  256 12.66352544352412 0.0005154724018256979
72  135 38.62650680541992 0.001709805432422269
71  138 39.54754942655563 0.0018115177891368831
70  140 38.96647656708956 0.0018056431001543768
69  142 35.31883652508259 0.0016495467950426678
68  143 37.620903624731   0.0018896215421119543
67  145 36.60699518769979 0.001915034913867885
66  148 38.3056970462203  0.00210183566811796
65  150 49.42951036989689 0.00212588620163062
64  152 57.4173376634717  0.0022594606706407964
63  154 63.32813947275281 0.002577628187947887
62  156 58.08208014629781 0.0023772429986076665
61  158 52.26358414441347 0.0021854198540841
60  160 59.63893422484398 0.002543295075442415
59  162 55.38304774463177 0.0024944599534981135
58  164 48.60604857280850 0.0022963347665060467
57  166 59.03662660717964 0.0023036127351472964
56  168 58.53184978663921 0.0022315612474971915
55  170 56.95415589958429 0.002154750583270681
54  172 54.66564516350627 0.002082744148599187
53  174 62.62175120413303 0.002458980399583945
52  176 54.44384563341737 0.0022017025357392844
51  178 53.65844694525003 0.002282278029807953
50  180 60.00020709261298 0.0020084438124011337
49  183 71.07017983496189 0.001865786041257405
48  185 63.7032665014267  0.0017484778591410036
47  186 47.39822958409786 0.0013673654590791054
46  187 38.93745590746403 0.0011730418863102488
45  256 12.55783866302954 0.00039777221979508275
45  190 29.57435863465070 0.0009367741216292142
44  192 13.36658991873264 0.0004426956632356907
43  190 17.20524078607559 0.0006186889667428916
