274.89692309 275.39061611 14.54420719 0.00073122
273.91119159 284.56707418 17.65295126 0.00095202
272.92265949 293.18311326 17.64552959 0.00102621
271.93445054 302.50438098 18.17978431 0.00107257

263.98577730 183.94623703 11.40912899 0.00060624
260.97317737 212.61069505 8.01004657 0.00042930
258.97766954 226.32333388 10.55029568 0.00059797
256.00176336 246.66623488 7.19194018 0.00043402

238.49412464 253.43594024 13.35384857 0.00080915
237.48249329 258.89037978 12.90361728 0.00071032

229.55276911 183.46942112 15.12794086 0.00039396
228.56225958 185.45754621 35.72188747 0.00092576

227.56268899 190.38397823 39.44400335 0.00098289
226.56622019 195.59902548 45.20553610 0.00108310
225.57468947 200.32705057 52.69805887 0.00126104
224.55626287 205.60147722 53.78429957 0.00132202
223.54654534 210.54020072 64.44171791 0.00157088
222.54645427 215.34265358 68.89353859 0.00164929
221.55141994 220.39703200 70.74380738 0.00168070
220.61720112 225.28371742 69.75038387 0.00174772
219.80849650 229.37693718 57.40641160 0.00219052
218.80670945 234.46739719 48.49519142 0.00179499
217.81991159 239.46798042 60.49772181 0.00222047
216.84287439 244.33032137 54.61345460 0.00205444
215.86298265 249.37485914 58.25488568 0.00227085
214.85532071 254.25515785 59.63545150 0.00228125

213.87485855 259.13933551 58.03190099 0.00216533
212.88927747 262.72451539 45.68759256 0.00166546

197.94006420 182.79692594 105.13695864 0.00334635
196.95068922 185.67052981 257.16430630 0.00812336

195.93930629 189.51485604 291.85042988 0.00910519
194.93813016 193.40158603 278.51849989 0.00846176
194.11417169 196.99774658 222.75262214 0.00830740
193.03103280 201.11477312 186.21904662 0.00819723
192.04021506 205.07162945 185.75915476 0.00782102
191.04303843 209.10417169 183.16646306 0.00749039
190.06196391 213.10424953 196.89307873 0.00786342
189.07697714 217.03470287 196.64424909 0.00787471
188.10826874 220.93364067 200.34931272 0.00795712

187.12833002 224.83384823 183.21358803 0.00715447
186.14525020 227.59935093 88.02378491 0.00338507
185.15200777 230.61386976 27.20283449 0.00104506

184.14999574 234.36352906 24.57892708 0.00092690
182.86689353 238.81720854 24.55544772 0.00080048
181.33170597 243.25058000 25.45538135 0.00098250
180.97624723 247.97241780 24.46675996 0.00074358
179.97304642 251.89820231 25.99594677 0.00078727
179.09781689 254.91738320 19.87933388 0.00057119
178.09377224 258.10308422 21.32401066 0.00057622
177.08896844 261.92459816 17.12069988 0.00043328

181.33170597 70.09803599 13.16300886 0.00050805
180.97624723 74.01713626 32.35732641 0.00098338
179.97304642 76.96519640 37.15244744 0.00112513

179.09781689 79.92590085 35.95022112 0.00103296
178.09377224 82.95579336 35.30858488 0.00095411
177.08896844 85.25471319 31.40602953 0.00079480

176.09693399 88.35662831 28.05858569 0.00066535
175.10362446 91.71259736 35.02013239 0.00083839
174.16211934 94.70904115 23.10792711 0.00067959
173.15417391 97.46385423 24.18866713 0.00078903
172.15593010 100.42130466 20.02812932 0.00062865
171.16898884 103.34463346 25.98273706 0.00079925
170.16368940 105.89192089 19.75593681 0.00061385
169.16524736 110.18501615 15.83777042 0.00049304
168.16013225 111.89138893 15.34195650 0.00050281
167.15502920 115.73818068 22.51780882 0.00070647
166.15175643 119.23303994 21.04412820 0.00062038
165.15600088 122.06808493 19.82648318 0.00057582
164.16168182 125.25489275 21.36170651 0.00060578
163.15664747 127.50720774 19.19337723 0.00054439
162.17216804 131.13892614 23.40858124 0.00066590
161.16937980 133.28731865 13.22979528 0.00036225
159.19085305 140.04467055 19.78071504 0.00054764
158.20304425 143.39210096 12.87277919 0.00035917
157.20292996 146.28673841 21.17614490 0.00058795
156.20610130 149.13032623 13.20177887 0.00036364
155.17418555 151.41509606 15.95248280 0.00038410
154.17735505 154.54787208 10.30175575 0.00025635
153.18528853 158.07715890 8.52124941 0.00023212
152.18117248 160.43249696 14.17559919 0.00039601
151.17925004 164.32567216 7.70056699 0.00021695
150.18383312 166.73729338 14.52087893 0.00041142
149.18225616 169.40197510 14.24892045 0.00040679
148.18533705 171.92028978 9.93336199 0.00028668

123.73689074 21.42435684 7.12158914 0.00015795
122.74045332 18.05007285 15.04009297 0.00032738
121.72668689 19.09687158 28.92512976 0.00060633
120.70743317 20.79517095 35.40071769 0.00074573
119.69947540 22.77211340 34.52488690 0.00071174

118.69498144 24.60790920 40.59486327 0.00085388
117.69517925 26.04742877 49.12602219 0.00104237
116.67894753 28.78190108 48.10414540 0.00105556
115.67675108 30.37834873 49.73132271 0.00111621
114.66103954 32.51940451 45.57258599 0.00104261
113.65946134 34.32896591 46.69056131 0.00112516
112.65535136 36.59219229 46.12218693 0.00117317
111.62837703 38.73087813 43.42465454 0.00119791
110.64196507 40.96831840 43.98255615 0.00127960
109.64788232 42.94433164 47.25895694 0.00157219
108.61173765 44.73629968 39.06210012 0.00118337
107.63035552 46.79874373 37.72113855 0.00116658
106.63082983 48.56508754 35.34066785 0.00116621
105.67821326 50.86295705 41.56112547 0.00138666
104.65541983 52.79265675 29.54572458 0.00123360
103.63243928 54.79788430 41.42186012 0.00138756
102.67310383 56.88605456 44.43785645 0.00146437
101.68062048 58.80205946 37.63839615 0.00124424
100.69619032 60.52621540 36.03177573 0.00130228
99.69629399 62.83065339 41.62985726 0.00145139
98.70470169 64.82745610 47.55485407 0.00167700
97.66801516 66.76140336 48.67231766 0.00166683
96.67328554 68.86832282 49.53850640 0.00162198
95.65582266 71.02216361 51.08702523 0.00154304
94.64517399 72.79668435 48.60357855 0.00145623
93.63265595 74.99303803 52.36392631 0.00158490
92.64859478 76.88135798 43.95807067 0.00135214
91.62840899 78.95590192 55.17490032 0.00168498
90.61193967 80.90354423 55.07690620 0.00167875
89.61764253 83.01618028 55.22153214 0.00168541
88.59708630 85.01801690 45.62107814 0.00142144
87.58352103 86.76664982 50.37612409 0.00163133
86.58273259 89.18021559 50.31067604 0.00151226
85.50973306 91.13524976 57.53197871 0.00166312
84.50777993 93.19690605 63.05207075 0.00185109
83.49738892 95.27281809 55.74076925 0.00162616
82.48771366 97.35236200 60.51094767 0.00176502
81.48829697 99.32725240 56.14786133 0.00173164
80.47528921 101.30230894 56.12908369 0.00174596
79.49579581 103.26053317 51.42634045 0.00168044
78.47649087 105.35345595 57.61928622 0.00191166
77.48021892 107.35340666 55.69590874 0.00185522
76.48533209 109.36983142 54.28423944 0.00187781
75.52001732 111.20848849 60.18953735 0.00202532
74.50558515 113.13026897 55.66937142 0.00197201
73.49633005 115.30276634 51.90252008 0.00188007
72.51767910 117.31691114 50.44150585 0.00188202
71.51388509 119.16402098 50.15481614 0.00182744
70.52532930 121.23973783 50.79904531 0.00195560
69.51134695 123.11052788 50.61194902 0.00198468
68.51537328 125.19894686 46.25375345 0.00188563
67.50742915 127.22940149 44.59481404 0.00180468
66.49164963 129.23421089 37.20255644 0.00163642
65.50365128 131.32037347 41.30905828 0.00187631
64.48542236 132.99111331 39.11744572 0.00180108
63.49481672 135.21661466 35.41770485 0.00164380
62.46842106 137.36415872 35.60347378 0.00177626
61.43535748 139.41646178 36.82036775 0.00191344
60.43716788 141.54279149 39.71874604 0.00216294
59.29114651 143.83377622 49.27603055 0.00210751
58.26982797 145.72358971 59.75475153 0.00233949
57.26513378 147.78207602 64.47794133 0.00261079
56.25290140 149.75503743 59.76028831 0.00243393
55.26854167 151.72275846 53.18188898 0.00221352
54.24241062 153.80497853 58.26125714 0.00242623
53.23042715 155.58235612 54.22240432 0.00215927
52.23398489 157.68638522 45.44518233 0.00213860
51.16254026 159.83111819 58.35562440 0.00227272
50.16307498 161.96574849 60.81133012 0.00231013
49.14441563 163.95636567 56.81495608 0.00213991
48.14837357 166.00152677 54.88953178 0.00208181
47.16929433 167.97668657 61.17286507 0.00239171
46.18774452 169.87159361 54.85858160 0.00220788
45.17047841 171.91624015 54.58946413 0.00231034

43.97989140 174.19644649 63.35406552 0.00211180
42.76007088 176.47623083 73.40837473 0.00191971
41.76191648 178.45953379 65.19969518 0.00178197
40.74553786 180.11273378 54.35312483 0.00156094
39.76277402 181.41395592 47.02670721 0.00140944
38.74598995 182.26472186 33.03334210 0.00104023
37.75373322 185.10642020 15.40187789 0.00050702
36.75289205 184.12670340 21.15717947 0.00075584
35.73048367 186.22875013 7.67358881 0.00029060
34.72192958 184.19256476 10.33844241 0.00040810

