281 282 13.39665818 0.00067932
280 283 14.52735065 0.00009879
280 284 14.52735065 0.00009879
280 285 14.52735065 0.00009879
280 286 14.52735065 0.00009879
280 287 14.52735065 0.00009879
280 288 14.52735065 0.00009879
280 289 14.52735065 0.00009879
280 290 14.52735065 0.00009879
279 291 13.65953368 0.00008027
279 292 13.65953368 0.00008027
279 293 13.65953368 0.00008027
279 294 13.65953368 0.00008027
279 295 13.65953368 0.00008027
279 296 13.65953368 0.00008027
279 297 13.65953368 0.00008027
279 298 13.65953368 0.00008027
279 299 13.65953368 0.00008027
279 300 13.65953368 0.00008027
278 301 16.24777597 0.00010759
278 302 16.24777597 0.00010759
278 303 16.24777597 0.00010759
278 304 16.24777597 0.00010759
278 305 16.24777597 0.00010759
278 306 16.24777597 0.00010759
278 307 16.24777597 0.00010759
278 308 16.24777597 0.00010759
278 309 16.24777597 0.00010759
236 189 15.38889556 0.00040210
235 190 30.33837175 0.00039445
235 191 30.33837175 0.00039445
234 192 37.69240943 0.00018842
234 193 37.69240943 0.00018842
234 194 37.69240943 0.00018842
234 195 37.69240943 0.00018842
234 196 37.69240943 0.00018842
233 197 44.08017190 0.00017647
233 198 44.08017190 0.00017647
233 199 44.08017190 0.00017647
233 200 44.08017190 0.00017647
233 201 44.08017190 0.00017647
233 202 44.08017190 0.00017647
232 203 50.96839412 0.00030568
232 204 50.96839412 0.00030568
232 205 50.96839412 0.00030568
232 206 50.96839412 0.00030568
231 207 52.87627156 0.00026065
231 208 52.87627156 0.00026065
231 209 52.87627156 0.00026065
231 210 52.87627156 0.00026065
231 211 52.87627156 0.00026065
230 212 62.92746229 0.00030753
230 213 62.92746229 0.00030753
230 214 62.92746229 0.00030753
230 215 62.92746229 0.00030753
230 216 62.92746229 0.00030753
229 217 69.24439728 0.00033237
229 218 69.24439728 0.00033237
229 219 69.24439728 0.00033237
229 220 69.24439728 0.00033237
229 221 69.24439728 0.00033237
228 222 71.38755165 0.00034007
228 223 71.38755165 0.00034007
228 224 71.38755165 0.00034007
228 225 71.38755165 0.00034007
228 226 71.38755165 0.00034007
227 227 71.12156559 0.00035743
227 228 71.12156559 0.00035743
227 229 71.12156559 0.00035743
227 230 71.12156559 0.00035743
227 231 71.12156559 0.00035743
226 232 59.26916049 0.00056855
226 233 59.26916049 0.00056855
226 234 59.26916049 0.00056855
226 235 59.26916049 0.00056855
225 236 48.40972182 0.00036035
225 237 48.40972182 0.00036035
225 238 48.40972182 0.00036035
225 239 48.40972182 0.00036035
225 240 48.40972182 0.00036035
224 241 55.95276005 0.00034417
224 242 55.95276005 0.00034417
224 243 55.95276005 0.00034417
224 244 55.95276005 0.00034417
224 245 55.95276005 0.00034417
224 246 55.95276005 0.00034417
223 247 54.34266423 0.00051383
223 248 54.34266423 0.00051383
223 249 54.34266423 0.00051383
223 250 54.34266423 0.00051383
222 251 56.44968888 0.00044256
222 252 56.44968888 0.00044256
222 253 56.44968888 0.00044256
222 254 56.44968888 0.00044256
222 255 56.44968888 0.00044256
221 256 58.44119735 0.00044954
221 257 58.44119735 0.00044954
221 258 58.44119735 0.00044954
221 259 58.44119735 0.00044954
221 260 58.44119735 0.00044954
220 261 57.42562488 0.00043083
220 262 57.42562488 0.00043083
220 263 57.42562488 0.00043083
220 264 57.42562488 0.00043083
220 265 57.42562488 0.00043083
219 266 44.42886057 0.00032551
219 267 44.42886057 0.00032551
219 268 44.42886057 0.00032551
219 269 44.42886057 0.00032551
219 270 44.42886057 0.00032551
204 189 103.73217860 0.00331343
203 190 246.55216996 0.00260653
203 191 246.55216996 0.00260653
203 192 246.55216996 0.00260653
202 193 283.09534185 0.00221621
202 194 283.09534185 0.00221621
202 195 283.09534185 0.00221621
202 196 283.09534185 0.00221621
201 197 279.30567733 0.00283811
201 198 279.30567733 0.00283811
201 199 279.30567733 0.00283811
200 200 222.42395858 0.00208252
200 201 222.42395858 0.00208252
200 202 222.42395858 0.00208252
200 203 222.42395858 0.00208252
199 204 181.31059211 0.00200523
199 205 181.31059211 0.00200523
199 206 181.31059211 0.00200523
199 207 181.31059211 0.00200523
198 208 184.51191290 0.00195155
198 209 184.51191290 0.00195155
198 210 184.51191290 0.00195155
198 211 184.51191290 0.00195155
197 212 181.93835844 0.00186799
197 213 181.93835844 0.00186799
197 214 181.93835844 0.00186799
197 215 181.93835844 0.00186799
196 216 190.77687557 0.00191322
196 217 190.77687557 0.00191322
196 218 190.77687557 0.00191322
196 219 190.77687557 0.00191322
195 220 193.13851595 0.00194213
195 221 193.13851595 0.00194213
195 222 193.13851595 0.00194213
195 223 193.13851595 0.00194213
194 224 197.13487447 0.00196789
194 225 197.13487447 0.00196789
194 226 197.13487447 0.00196789
194 227 197.13487447 0.00196789
193 228 182.58243346 0.00179145
193 229 182.58243346 0.00179145
193 230 182.58243346 0.00179145
193 231 182.58243346 0.00179145
192 232 87.36676633 0.00112547
192 233 87.36676633 0.00112547
192 234 87.36676633 0.00112547
191 234 28.04506596 0.00108286
190 235 21.25299666 0.00016750
190 236 21.25299666 0.00016750
190 237 21.25299666 0.00016750
190 238 21.25299666 0.00016750
190 239 21.25299666 0.00016750
189 240 22.04973196 0.00029073
189 241 22.04973196 0.00029073
189 242 22.04973196 0.00029073
187 243 26.92726946 0.00012856
187 244 26.92726946 0.00012856
187 245 26.92726946 0.00012856
187 246 26.92726946 0.00012856
187 247 26.92726946 0.00012856
187 248 26.92726946 0.00012856
187 249 26.92726946 0.00012856
187 250 26.92726946 0.00012856
187 77 13.25640637 0.00050632
187 78 33.36060642 0.00030719
187 79 33.36060642 0.00030719
187 80 33.36060642 0.00030719
187 81 33.36060642 0.00030719
187 82 25.54833756 0.00000541
187 83 25.54833756 0.00000541
187 84 25.54833756 0.00000541
187 85 25.54833756 0.00000541
187 86 25.54833756 0.00000541
187 87 25.54833756 0.00000541
187 88 25.54833756 0.00000541
187 89 25.54833756 0.00000541
187 90 25.54833756 0.00000541
187 91 25.54833756 0.00000541
187 92 25.54833756 0.00000541
187 93 25.54833756 0.00000541
187 94 25.54833756 0.00000541
187 95 25.54833756 0.00000541
187 96 25.54833756 0.00000541
187 97 25.54833756 0.00000541
187 98 25.54833756 0.00000541
187 99 25.54833756 0.00000541
187 100 25.54833756 0.00000541
187 101 25.54833756 0.00000541
187 102 25.54833756 0.00000541
187 103 25.54833756 0.00000541
187 104 25.54833756 0.00000541
187 105 25.54833756 0.00000541
187 106 25.54833756 0.00000541
187 107 25.54833756 0.00000541
187 108 25.54833756 0.00000541
187 109 25.54833756 0.00000541
187 110 25.54833756 0.00000541
187 111 25.54833756 0.00000541
187 112 25.54833756 0.00000541
187 113 25.54833756 0.00000541
187 114 25.54833756 0.00000541
187 115 25.54833756 0.00000541
187 116 25.54833756 0.00000541
187 117 25.54833756 0.00000541
187 118 25.54833756 0.00000541
187 119 25.54833756 0.00000541
187 120 25.54833756 0.00000541
187 121 25.54833756 0.00000541
187 122 25.54833756 0.00000541
187 123 25.54833756 0.00000541
187 124 25.54833756 0.00000541
187 125 25.54833756 0.00000541
187 126 25.54833756 0.00000541
187 127 25.54833756 0.00000541
187 128 25.54833756 0.00000541
187 129 25.54833756 0.00000541
187 130 25.54833756 0.00000541
187 131 25.54833756 0.00000541
187 132 25.54833756 0.00000541
187 133 25.54833756 0.00000541
187 134 25.54833756 0.00000541
187 135 25.54833756 0.00000541
187 136 25.54833756 0.00000541
187 137 25.54833756 0.00000541
187 138 25.54833756 0.00000541
187 139 25.54833756 0.00000541
187 140 25.54833756 0.00000541
187 141 25.54833756 0.00000541
187 142 25.54833756 0.00000541
187 143 25.54833756 0.00000541
187 144 25.54833756 0.00000541
187 145 25.54833756 0.00000541
187 146 25.54833756 0.00000541
187 147 25.54833756 0.00000541
187 148 25.54833756 0.00000541
187 149 25.54833756 0.00000541
187 150 25.54833756 0.00000541
187 151 25.54833756 0.00000541
187 152 25.54833756 0.00000541
187 153 25.54833756 0.00000541
187 154 25.54833756 0.00000541
187 155 25.54833756 0.00000541
187 156 25.54833756 0.00000541
187 157 25.54833756 0.00000541
187 158 25.54833756 0.00000541
187 159 25.54833756 0.00000541
187 160 25.54833756 0.00000541
187 161 25.54833756 0.00000541
187 162 25.54833756 0.00000541
187 163 25.54833756 0.00000541
187 164 25.54833756 0.00000541
187 165 25.54833756 0.00000541
187 166 25.54833756 0.00000541
187 167 25.54833756 0.00000541
187 168 25.54833756 0.00000541
187 169 25.54833756 0.00000541
187 170 25.54833756 0.00000541
187 171 25.54833756 0.00000541
187 172 25.54833756 0.00000541
187 173 25.54833756 0.00000541
187 174 25.54833756 0.00000541
187 175 25.54833756 0.00000541
187 176 25.54833756 0.00000541
187 177 25.54833756 0.00000541
187 178 25.54833756 0.00000541
187 179 25.54833756 0.00000541
187 180 25.54833756 0.00000541
187 181 25.54833756 0.00000541
187 182 25.54833756 0.00000541
187 183 25.54833756 0.00000541
187 184 25.54833756 0.00000541
187 185 25.54833756 0.00000541
187 186 25.54833756 0.00000541
187 187 25.54833756 0.00000541
187 188 25.54833756 0.00000541
187 189 25.54833756 0.00000541
187 190 25.54833756 0.00000541
187 191 25.54833756 0.00000541
187 192 25.54833756 0.00000541
187 193 25.54833756 0.00000541
187 194 25.54833756 0.00000541
187 195 25.54833756 0.00000541
187 196 25.54833756 0.00000541
187 197 25.54833756 0.00000541
187 198 25.54833756 0.00000541
187 199 25.54833756 0.00000541
187 200 25.54833756 0.00000541
187 201 25.54833756 0.00000541
187 202 25.54833756 0.00000541
187 203 25.54833756 0.00000541
187 204 25.54833756 0.00000541
187 205 25.54833756 0.00000541
187 206 25.54833756 0.00000541
187 207 25.54833756 0.00000541
187 208 25.54833756 0.00000541
187 209 25.54833756 0.00000541
187 210 25.54833756 0.00000541
187 211 25.54833756 0.00000541
187 212 25.54833756 0.00000541
187 213 25.54833756 0.00000541
187 214 25.54833756 0.00000541
187 215 25.54833756 0.00000541
187 216 25.54833756 0.00000541
187 217 25.54833756 0.00000541
187 218 25.54833756 0.00000541
187 219 25.54833756 0.00000541
187 220 25.54833756 0.00000541
187 221 25.54833756 0.00000541
187 222 25.54833756 0.00000541
187 223 25.54833756 0.00000541
187 224 25.54833756 0.00000541
187 225 25.54833756 0.00000541
187 226 25.54833756 0.00000541
187 227 25.54833756 0.00000541
187 228 25.54833756 0.00000541
187 229 25.54833756 0.00000541
187 230 25.54833756 0.00000541
187 231 25.54833756 0.00000541
187 232 25.54833756 0.00000541
187 233 25.54833756 0.00000541
187 234 25.54833756 0.00000541
187 235 25.54833756 0.00000541
187 236 25.54833756 0.00000541
187 237 25.54833756 0.00000541
187 238 25.54833756 0.00000541
187 239 25.54833756 0.00000541
187 240 25.54833756 0.00000541
187 241 25.54833756 0.00000541
187 242 25.54833756 0.00000541
187 243 25.54833756 0.00000541
187 244 25.54833756 0.00000541
187 245 25.54833756 0.00000541
187 246 25.54833756 0.00000541
187 247 25.54833756 0.00000541
187 248 25.54833756 0.00000541
187 249 25.54833756 0.00000541
187 250 25.54833756 0.00000541
187 251 25.54833756 0.00000541
187 252 25.54833756 0.00000541
187 253 25.54833756 0.00000541
187 254 25.54833756 0.00000541
187 255 25.54833756 0.00000541
186 84 33.44886149 0.00107029
186 85 22.51342749 0.00000409
186 86 22.51342749 0.00000409
186 87 22.51342749 0.00000409
186 88 22.51342749 0.00000409
186 89 22.51342749 0.00000409
186 90 22.51342749 0.00000409
186 91 22.51342749 0.00000409
186 92 22.51342749 0.00000409
186 93 22.51342749 0.00000409
186 94 22.51342749 0.00000409
186 95 22.51342749 0.00000409
186 96 22.51342749 0.00000409
186 97 22.51342749 0.00000409
186 98 22.51342749 0.00000409
186 99 22.51342749 0.00000409
186 100 22.51342749 0.00000409
186 101 22.51342749 0.00000409
186 102 22.51342749 0.00000409
186 103 22.51342749 0.00000409
186 104 22.51342749 0.00000409
186 105 22.51342749 0.00000409
186 106 22.51342749 0.00000409
186 107 22.51342749 0.00000409
186 108 22.51342749 0.00000409
186 109 22.51342749 0.00000409
186 110 22.51342749 0.00000409
186 111 22.51342749 0.00000409
186 112 22.51342749 0.00000409
186 113 22.51342749 0.00000409
186 114 22.51342749 0.00000409
186 115 22.51342749 0.00000409
186 116 22.51342749 0.00000409
186 117 22.51342749 0.00000409
186 118 22.51342749 0.00000409
186 119 22.51342749 0.00000409
186 120 22.51342749 0.00000409
186 121 22.51342749 0.00000409
186 122 22.51342749 0.00000409
186 123 22.51342749 0.00000409
186 124 22.51342749 0.00000409
186 125 22.51342749 0.00000409
186 126 22.51342749 0.00000409
186 127 22.51342749 0.00000409
186 128 22.51342749 0.00000409
186 129 22.51342749 0.00000409
186 130 22.51342749 0.00000409
186 131 22.51342749 0.00000409
186 132 22.51342749 0.00000409
186 133 22.51342749 0.00000409
186 134 22.51342749 0.00000409
186 135 22.51342749 0.00000409
186 136 22.51342749 0.00000409
186 137 22.51342749 0.00000409
186 138 22.51342749 0.00000409
186 139 22.51342749 0.00000409
186 140 22.51342749 0.00000409
186 141 22.51342749 0.00000409
186 142 22.51342749 0.00000409
186 143 22.51342749 0.00000409
186 144 22.51342749 0.00000409
186 145 22.51342749 0.00000409
186 146 22.51342749 0.00000409
186 147 22.51342749 0.00000409
186 148 22.51342749 0.00000409
186 149 22.51342749 0.00000409
186 150 22.51342749 0.00000409
186 151 22.51342749 0.00000409
186 152 22.51342749 0.00000409
186 153 22.51342749 0.00000409
186 154 22.51342749 0.00000409
186 155 22.51342749 0.00000409
186 156 22.51342749 0.00000409
186 157 22.51342749 0.00000409
186 158 22.51342749 0.00000409
186 159 22.51342749 0.00000409
186 160 22.51342749 0.00000409
186 161 22.51342749 0.00000409
186 162 22.51342749 0.00000409
186 163 22.51342749 0.00000409
186 164 22.51342749 0.00000409
186 165 22.51342749 0.00000409
186 166 22.51342749 0.00000409
186 167 22.51342749 0.00000409
186 168 22.51342749 0.00000409
186 169 22.51342749 0.00000409
186 170 22.51342749 0.00000409
186 171 22.51342749 0.00000409
186 172 22.51342749 0.00000409
186 173 22.51342749 0.00000409
186 174 22.51342749 0.00000409
186 175 22.51342749 0.00000409
186 176 22.51342749 0.00000409
186 177 22.51342749 0.00000409
186 178 22.51342749 0.00000409
186 179 22.51342749 0.00000409
186 180 22.51342749 0.00000409
186 181 22.51342749 0.00000409
186 182 22.51342749 0.00000409
186 183 22.51342749 0.00000409
186 184 22.51342749 0.00000409
186 185 22.51342749 0.00000409
186 186 22.51342749 0.00000409
186 187 22.51342749 0.00000409
186 188 22.51342749 0.00000409
186 189 22.51342749 0.00000409
186 190 22.51342749 0.00000409
186 191 22.51342749 0.00000409
186 192 22.51342749 0.00000409
186 193 22.51342749 0.00000409
186 194 22.51342749 0.00000409
186 195 22.51342749 0.00000409
186 196 22.51342749 0.00000409
186 197 22.51342749 0.00000409
186 198 22.51342749 0.00000409
186 199 22.51342749 0.00000409
186 200 22.51342749 0.00000409
186 201 22.51342749 0.00000409
186 202 22.51342749 0.00000409
186 203 22.51342749 0.00000409
186 204 22.51342749 0.00000409
186 205 22.51342749 0.00000409
186 206 22.51342749 0.00000409
186 207 22.51342749 0.00000409
186 208 22.51342749 0.00000409
186 209 22.51342749 0.00000409
186 210 22.51342749 0.00000409
186 211 22.51342749 0.00000409
186 212 22.51342749 0.00000409
186 213 22.51342749 0.00000409
186 214 22.51342749 0.00000409
186 215 22.51342749 0.00000409
186 216 22.51342749 0.00000409
186 217 22.51342749 0.00000409
186 218 22.51342749 0.00000409
186 219 22.51342749 0.00000409
186 220 22.51342749 0.00000409
186 221 22.51342749 0.00000409
186 222 22.51342749 0.00000409
186 223 22.51342749 0.00000409
186 224 22.51342749 0.00000409
186 225 22.51342749 0.00000409
186 226 22.51342749 0.00000409
186 227 22.51342749 0.00000409
186 228 22.51342749 0.00000409
186 229 22.51342749 0.00000409
186 230 22.51342749 0.00000409
186 231 22.51342749 0.00000409
186 232 22.51342749 0.00000409
186 233 22.51342749 0.00000409
186 234 22.51342749 0.00000409
186 235 22.51342749 0.00000409
186 236 22.51342749 0.00000409
186 237 22.51342749 0.00000409
186 238 22.51342749 0.00000409
186 239 22.51342749 0.00000409
186 240 22.51342749 0.00000409
186 241 22.51342749 0.00000409
186 242 22.51342749 0.00000409
186 243 22.51342749 0.00000409
186 244 22.51342749 0.00000409
186 245 22.51342749 0.00000409
186 246 22.51342749 0.00000409
186 247 22.51342749 0.00000409
186 248 22.51342749 0.00000409
186 249 22.51342749 0.00000409
186 250 22.51342749 0.00000409
186 251 22.51342749 0.00000409
186 252 22.51342749 0.00000409
186 253 22.51342749 0.00000409
186 254 22.51342749 0.00000409
186 255 22.51342749 0.00000409
186 256 22.51342749 0.00000409
186 257 22.51342749 0.00000409
186 258 22.51342749 0.00000409
186 259 22.51342749 0.00000409
186 260 22.51342749 0.00000409
185 87 37.40150677 0.00108593
185 88 20.79238588 0.00000343
185 89 20.79238588 0.00000343
185 90 20.79238588 0.00000343
185 91 20.79238588 0.00000343
185 92 20.79238588 0.00000343
185 93 20.79238588 0.00000343
185 94 20.79238588 0.00000343
185 95 20.79238588 0.00000343
185 96 20.79238588 0.00000343
185 97 20.79238588 0.00000343
185 98 20.79238588 0.00000343
185 99 20.79238588 0.00000343
185 100 20.79238588 0.00000343
185 101 20.79238588 0.00000343
185 102 20.79238588 0.00000343
185 103 20.79238588 0.00000343
185 104 20.79238588 0.00000343
185 105 20.79238588 0.00000343
185 106 20.79238588 0.00000343
185 107 20.79238588 0.00000343
185 108 20.79238588 0.00000343
185 109 20.79238588 0.00000343
185 110 20.79238588 0.00000343
185 111 20.79238588 0.00000343
185 112 20.79238588 0.00000343
185 113 20.79238588 0.00000343
185 114 20.79238588 0.00000343
185 115 20.79238588 0.00000343
185 116 20.79238588 0.00000343
185 117 20.79238588 0.00000343
185 118 20.79238588 0.00000343
185 119 20.79238588 0.00000343
185 120 20.79238588 0.00000343
185 121 20.79238588 0.00000343
185 122 20.79238588 0.00000343
185 123 20.79238588 0.00000343
185 124 20.79238588 0.00000343
185 125 20.79238588 0.00000343
185 126 20.79238588 0.00000343
185 127 20.79238588 0.00000343
185 128 20.79238588 0.00000343
185 129 20.79238588 0.00000343
185 130 20.79238588 0.00000343
185 131 20.79238588 0.00000343
185 132 20.79238588 0.00000343
185 133 20.79238588 0.00000343
185 134 20.79238588 0.00000343
185 135 20.79238588 0.00000343
185 136 20.79238588 0.00000343
185 137 20.79238588 0.00000343
185 138 20.79238588 0.00000343
185 139 20.79238588 0.00000343
185 140 20.79238588 0.00000343
185 141 20.79238588 0.00000343
185 142 20.79238588 0.00000343
185 143 20.79238588 0.00000343
185 144 20.79238588 0.00000343
185 145 20.79238588 0.00000343
185 146 20.79238588 0.00000343
185 147 20.79238588 0.00000343
185 148 20.79238588 0.00000343
185 149 20.79238588 0.00000343
185 150 20.79238588 0.00000343
185 151 20.79238588 0.00000343
185 152 20.79238588 0.00000343
185 153 20.79238588 0.00000343
185 154 20.79238588 0.00000343
185 155 20.79238588 0.00000343
185 156 20.79238588 0.00000343
185 157 20.79238588 0.00000343
185 158 20.79238588 0.00000343
185 159 20.79238588 0.00000343
185 160 20.79238588 0.00000343
185 161 20.79238588 0.00000343
185 162 20.79238588 0.00000343
185 163 20.79238588 0.00000343
185 164 20.79238588 0.00000343
185 165 20.79238588 0.00000343
185 166 20.79238588 0.00000343
185 167 20.79238588 0.00000343
185 168 20.79238588 0.00000343
185 169 20.79238588 0.00000343
185 170 20.79238588 0.00000343
185 171 20.79238588 0.00000343
185 172 20.79238588 0.00000343
185 173 20.79238588 0.00000343
185 174 20.79238588 0.00000343
185 175 20.79238588 0.00000343
185 176 20.79238588 0.00000343
185 177 20.79238588 0.00000343
185 178 20.79238588 0.00000343
185 179 20.79238588 0.00000343
185 180 20.79238588 0.00000343
185 181 20.79238588 0.00000343
185 182 20.79238588 0.00000343
185 183 20.79238588 0.00000343
185 184 20.79238588 0.00000343
185 185 20.79238588 0.00000343
185 186 20.79238588 0.00000343
185 187 20.79238588 0.00000343
185 188 20.79238588 0.00000343
185 189 20.79238588 0.00000343
185 190 20.79238588 0.00000343
185 191 20.79238588 0.00000343
185 192 20.79238588 0.00000343
185 193 20.79238588 0.00000343
185 194 20.79238588 0.00000343
185 195 20.79238588 0.00000343
185 196 20.79238588 0.00000343
185 197 20.79238588 0.00000343
185 198 20.79238588 0.00000343
185 199 20.79238588 0.00000343
185 200 20.79238588 0.00000343
185 201 20.79238588 0.00000343
185 202 20.79238588 0.00000343
185 203 20.79238588 0.00000343
185 204 20.79238588 0.00000343
185 205 20.79238588 0.00000343
185 206 20.79238588 0.00000343
185 207 20.79238588 0.00000343
185 208 20.79238588 0.00000343
185 209 20.79238588 0.00000343
185 210 20.79238588 0.00000343
185 211 20.79238588 0.00000343
185 212 20.79238588 0.00000343
185 213 20.79238588 0.00000343
185 214 20.79238588 0.00000343
185 215 20.79238588 0.00000343
185 216 20.79238588 0.00000343
185 217 20.79238588 0.00000343
185 218 20.79238588 0.00000343
185 219 20.79238588 0.00000343
185 220 20.79238588 0.00000343
185 221 20.79238588 0.00000343
185 222 20.79238588 0.00000343
185 223 20.79238588 0.00000343
185 224 20.79238588 0.00000343
185 225 20.79238588 0.00000343
185 226 20.79238588 0.00000343
185 227 20.79238588 0.00000343
185 228 20.79238588 0.00000343
185 229 20.79238588 0.00000343
185 230 20.79238588 0.00000343
185 231 20.79238588 0.00000343
185 232 20.79238588 0.00000343
185 233 20.79238588 0.00000343
185 234 20.79238588 0.00000343
185 235 20.79238588 0.00000343
185 236 20.79238588 0.00000343
185 237 20.79238588 0.00000343
185 238 20.79238588 0.00000343
185 239 20.79238588 0.00000343
185 240 20.79238588 0.00000343
185 241 20.79238588 0.00000343
185 242 20.79238588 0.00000343
185 243 20.79238588 0.00000343
185 244 20.79238588 0.00000343
185 245 20.79238588 0.00000343
185 246 20.79238588 0.00000343
185 247 20.79238588 0.00000343
185 248 20.79238588 0.00000343
185 249 20.79238588 0.00000343
185 250 20.79238588 0.00000343
185 251 20.79238588 0.00000343
185 252 20.79238588 0.00000343
185 253 20.79238588 0.00000343
185 254 20.79238588 0.00000343
185 255 20.79238588 0.00000343
185 256 20.79238588 0.00000343
185 257 20.79238588 0.00000343
185 258 20.79238588 0.00000343
185 259 20.79238588 0.00000343
185 260 20.79238588 0.00000343
185 261 20.79238588 0.00000343
185 262 20.79238588 0.00000343
185 263 20.79238588 0.00000343
184 90 36.21971896 0.00098272
184 91 21.66217650 0.00000340
184 92 21.66217650 0.00000340
184 93 21.66217650 0.00000340
184 94 21.66217650 0.00000340
184 95 21.66217650 0.00000340
184 96 21.66217650 0.00000340
184 97 21.66217650 0.00000340
184 98 21.66217650 0.00000340
184 99 21.66217650 0.00000340
184 100 21.66217650 0.00000340
184 101 21.66217650 0.00000340
184 102 21.66217650 0.00000340
184 103 21.66217650 0.00000340
184 104 21.66217650 0.00000340
184 105 21.66217650 0.00000340
184 106 21.66217650 0.00000340
184 107 21.66217650 0.00000340
184 108 21.66217650 0.00000340
184 109 21.66217650 0.00000340
184 110 21.66217650 0.00000340
184 111 21.66217650 0.00000340
184 112 21.66217650 0.00000340
184 113 21.66217650 0.00000340
184 114 21.66217650 0.00000340
184 115 21.66217650 0.00000340
184 116 21.66217650 0.00000340
184 117 21.66217650 0.00000340
184 118 21.66217650 0.00000340
184 119 21.66217650 0.00000340
184 120 21.66217650 0.00000340
184 121 21.66217650 0.00000340
184 122 21.66217650 0.00000340
184 123 21.66217650 0.00000340
184 124 21.66217650 0.00000340
184 125 21.66217650 0.00000340
184 126 21.66217650 0.00000340
184 127 21.66217650 0.00000340
184 128 21.66217650 0.00000340
184 129 21.66217650 0.00000340
184 130 21.66217650 0.00000340
184 131 21.66217650 0.00000340
184 132 21.66217650 0.00000340
184 133 21.66217650 0.00000340
184 134 21.66217650 0.00000340
184 135 21.66217650 0.00000340
184 136 21.66217650 0.00000340
184 137 21.66217650 0.00000340
184 138 21.66217650 0.00000340
184 139 21.66217650 0.00000340
184 140 21.66217650 0.00000340
184 141 21.66217650 0.00000340
184 142 21.66217650 0.00000340
184 143 21.66217650 0.00000340
184 144 21.66217650 0.00000340
184 145 21.66217650 0.00000340
184 146 21.66217650 0.00000340
184 147 21.66217650 0.00000340
184 148 21.66217650 0.00000340
184 149 21.66217650 0.00000340
184 150 21.66217650 0.00000340
184 151 21.66217650 0.00000340
184 152 21.66217650 0.00000340
184 153 21.66217650 0.00000340
184 154 21.66217650 0.00000340
184 155 21.66217650 0.00000340
184 156 21.66217650 0.00000340
184 157 21.66217650 0.00000340
184 158 21.66217650 0.00000340
184 159 21.66217650 0.00000340
184 160 21.66217650 0.00000340
184 161 21.66217650 0.00000340
184 162 21.66217650 0.00000340
184 163 21.66217650 0.00000340
184 164 21.66217650 0.00000340
184 165 21.66217650 0.00000340
184 166 21.66217650 0.00000340
184 167 21.66217650 0.00000340
184 168 21.66217650 0.00000340
184 169 21.66217650 0.00000340
184 170 21.66217650 0.00000340
184 171 21.66217650 0.00000340
184 172 21.66217650 0.00000340
184 173 21.66217650 0.00000340
184 174 21.66217650 0.00000340
184 175 21.66217650 0.00000340
184 176 21.66217650 0.00000340
184 177 21.66217650 0.00000340
184 178 21.66217650 0.00000340
184 179 21.66217650 0.00000340
184 180 21.66217650 0.00000340
184 181 21.66217650 0.00000340
184 182 21.66217650 0.00000340
184 183 21.66217650 0.00000340
184 184 21.66217650 0.00000340
184 185 21.66217650 0.00000340
184 186 21.66217650 0.00000340
184 187 21.66217650 0.00000340
184 188 21.66217650 0.00000340
184 189 21.66217650 0.00000340
184 190 21.66217650 0.00000340
184 191 21.66217650 0.00000340
184 192 21.66217650 0.00000340
184 193 21.66217650 0.00000340
184 194 21.66217650 0.00000340
184 195 21.66217650 0.00000340
184 196 21.66217650 0.00000340
184 197 21.66217650 0.00000340
184 198 21.66217650 0.00000340
184 199 21.66217650 0.00000340
184 200 21.66217650 0.00000340
184 201 21.66217650 0.00000340
184 202 21.66217650 0.00000340
184 203 21.66217650 0.00000340
184 204 21.66217650 0.00000340
184 205 21.66217650 0.00000340
184 206 21.66217650 0.00000340
184 207 21.66217650 0.00000340
184 208 21.66217650 0.00000340
184 209 21.66217650 0.00000340
184 210 21.66217650 0.00000340
184 211 21.66217650 0.00000340
184 212 21.66217650 0.00000340
184 213 21.66217650 0.00000340
184 214 21.66217650 0.00000340
184 215 21.66217650 0.00000340
184 216 21.66217650 0.00000340
184 217 21.66217650 0.00000340
184 218 21.66217650 0.00000340
184 219 21.66217650 0.00000340
184 220 21.66217650 0.00000340
184 221 21.66217650 0.00000340
184 222 21.66217650 0.00000340
184 223 21.66217650 0.00000340
184 224 21.66217650 0.00000340
184 225 21.66217650 0.00000340
184 226 21.66217650 0.00000340
184 227 21.66217650 0.00000340
184 228 21.66217650 0.00000340
184 229 21.66217650 0.00000340
184 230 21.66217650 0.00000340
184 231 21.66217650 0.00000340
184 232 21.66217650 0.00000340
184 233 21.66217650 0.00000340
184 234 21.66217650 0.00000340
184 235 21.66217650 0.00000340
184 236 21.66217650 0.00000340
184 237 21.66217650 0.00000340
184 238 21.66217650 0.00000340
184 239 21.66217650 0.00000340
184 240 21.66217650 0.00000340
184 241 21.66217650 0.00000340
184 242 21.66217650 0.00000340
184 243 21.66217650 0.00000340
184 244 21.66217650 0.00000340
184 245 21.66217650 0.00000340
184 246 21.66217650 0.00000340
184 247 21.66217650 0.00000340
184 248 21.66217650 0.00000340
184 249 21.66217650 0.00000340
184 250 21.66217650 0.00000340
184 251 21.66217650 0.00000340
184 252 21.66217650 0.00000340
184 253 21.66217650 0.00000340
184 254 21.66217650 0.00000340
184 255 21.66217650 0.00000340
184 256 21.66217650 0.00000340
184 257 21.66217650 0.00000340
184 258 21.66217650 0.00000340
184 259 21.66217650 0.00000340
184 260 21.66217650 0.00000340
184 261 21.66217650 0.00000340
184 262 21.66217650 0.00000340
184 263 21.66217650 0.00000340
183 93 33.27523028 0.00084456
183 94 17.90750630 0.00000261
183 95 17.90750630 0.00000261
183 96 17.90750630 0.00000261
183 97 17.90750630 0.00000261
183 98 17.90750630 0.00000261
183 99 17.90750630 0.00000261
183 100 17.90750630 0.00000261
183 101 17.90750630 0.00000261
183 102 17.90750630 0.00000261
183 103 17.90750630 0.00000261
183 104 17.90750630 0.00000261
183 105 17.90750630 0.00000261
183 106 17.90750630 0.00000261
183 107 17.90750630 0.00000261
183 108 17.90750630 0.00000261
183 109 17.90750630 0.00000261
183 110 17.90750630 0.00000261
183 111 17.90750630 0.00000261
183 112 17.90750630 0.00000261
183 113 17.90750630 0.00000261
183 114 17.90750630 0.00000261
183 115 17.90750630 0.00000261
183 116 17.90750630 0.00000261
183 117 17.90750630 0.00000261
183 118 17.90750630 0.00000261
183 119 17.90750630 0.00000261
183 120 17.90750630 0.00000261
183 121 17.90750630 0.00000261
183 122 17.90750630 0.00000261
183 123 17.90750630 0.00000261
183 124 17.90750630 0.00000261
183 125 17.90750630 0.00000261
183 126 17.90750630 0.00000261
183 127 17.90750630 0.00000261
183 128 17.90750630 0.00000261
183 129 17.90750630 0.00000261
183 130 17.90750630 0.00000261
183 131 17.90750630 0.00000261
183 132 17.90750630 0.00000261
183 133 17.90750630 0.00000261
183 134 17.90750630 0.00000261
183 135 17.90750630 0.00000261
183 136 17.90750630 0.00000261
183 137 17.90750630 0.00000261
183 138 17.90750630 0.00000261
183 139 17.90750630 0.00000261
183 140 17.90750630 0.00000261
183 141 17.90750630 0.00000261
183 142 17.90750630 0.00000261
183 143 17.90750630 0.00000261
183 144 17.90750630 0.00000261
183 145 17.90750630 0.00000261
183 146 17.90750630 0.00000261
183 147 17.90750630 0.00000261
183 148 17.90750630 0.00000261
183 149 17.90750630 0.00000261
183 150 17.90750630 0.00000261
183 151 17.90750630 0.00000261
183 152 17.90750630 0.00000261
183 153 17.90750630 0.00000261
183 154 17.90750630 0.00000261
183 155 17.90750630 0.00000261
183 156 17.90750630 0.00000261
183 157 17.90750630 0.00000261
183 158 17.90750630 0.00000261
183 159 17.90750630 0.00000261
183 160 17.90750630 0.00000261
183 161 17.90750630 0.00000261
183 162 17.90750630 0.00000261
183 163 17.90750630 0.00000261
183 164 17.90750630 0.00000261
183 165 17.90750630 0.00000261
183 166 17.90750630 0.00000261
183 167 17.90750630 0.00000261
183 168 17.90750630 0.00000261
183 169 17.90750630 0.00000261
183 170 17.90750630 0.00000261
183 171 17.90750630 0.00000261
183 172 17.90750630 0.00000261
183 173 17.90750630 0.00000261
183 174 17.90750630 0.00000261
183 175 17.90750630 0.00000261
183 176 17.90750630 0.00000261
183 177 17.90750630 0.00000261
183 178 17.90750630 0.00000261
183 179 17.90750630 0.00000261
183 180 17.90750630 0.00000261
183 181 17.90750630 0.00000261
183 182 17.90750630 0.00000261
183 183 17.90750630 0.00000261
183 184 17.90750630 0.00000261
183 185 17.90750630 0.00000261
183 186 17.90750630 0.00000261
183 187 17.90750630 0.00000261
183 188 17.90750630 0.00000261
183 189 17.90750630 0.00000261
183 190 17.90750630 0.00000261
183 191 17.90750630 0.00000261
183 192 17.90750630 0.00000261
183 193 17.90750630 0.00000261
183 194 17.90750630 0.00000261
183 195 17.90750630 0.00000261
183 196 17.90750630 0.00000261
183 197 17.90750630 0.00000261
183 198 17.90750630 0.00000261
183 199 17.90750630 0.00000261
183 200 17.90750630 0.00000261
183 201 17.90750630 0.00000261
183 202 17.90750630 0.00000261
183 203 17.90750630 0.00000261
183 204 17.90750630 0.00000261
183 205 17.90750630 0.00000261
183 206 17.90750630 0.00000261
183 207 17.90750630 0.00000261
183 208 17.90750630 0.00000261
183 209 17.90750630 0.00000261
183 210 17.90750630 0.00000261
183 211 17.90750630 0.00000261
183 212 17.90750630 0.00000261
183 213 17.90750630 0.00000261
183 214 17.90750630 0.00000261
183 215 17.90750630 0.00000261
183 216 17.90750630 0.00000261
183 217 17.90750630 0.00000261
183 218 17.90750630 0.00000261
183 219 17.90750630 0.00000261
183 220 17.90750630 0.00000261
183 221 17.90750630 0.00000261
183 222 17.90750630 0.00000261
183 223 17.90750630 0.00000261
183 224 17.90750630 0.00000261
183 225 17.90750630 0.00000261
183 226 17.90750630 0.00000261
183 227 17.90750630 0.00000261
183 228 17.90750630 0.00000261
183 229 17.90750630 0.00000261
183 230 17.90750630 0.00000261
183 231 17.90750630 0.00000261
183 232 17.90750630 0.00000261
183 233 17.90750630 0.00000261
183 234 17.90750630 0.00000261
183 235 17.90750630 0.00000261
183 236 17.90750630 0.00000261
183 237 17.90750630 0.00000261
183 238 17.90750630 0.00000261
183 239 17.90750630 0.00000261
183 240 17.90750630 0.00000261
183 241 17.90750630 0.00000261
183 242 17.90750630 0.00000261
183 243 17.90750630 0.00000261
183 244 17.90750630 0.00000261
183 245 17.90750630 0.00000261
183 246 17.90750630 0.00000261
183 247 17.90750630 0.00000261
183 248 17.90750630 0.00000261
183 249 17.90750630 0.00000261
183 250 17.90750630 0.00000261
183 251 17.90750630 0.00000261
183 252 17.90750630 0.00000261
183 253 17.90750630 0.00000261
183 254 17.90750630 0.00000261
183 255 17.90750630 0.00000261
183 256 17.90750630 0.00000261
183 257 17.90750630 0.00000261
183 258 17.90750630 0.00000261
183 259 17.90750630 0.00000261
183 260 17.90750630 0.00000261
183 261 17.90750630 0.00000261
183 262 17.90750630 0.00000261
183 263 17.90750630 0.00000261
183 264 17.90750630 0.00000261
183 265 17.90750630 0.00000261
183 266 17.90750630 0.00000261
183 267 17.90750630 0.00000261
182 95 33.27638921 0.00079176
181 96 33.10596029 0.00026507
181 97 33.10596029 0.00026507
181 98 33.10596029 0.00026507
180 99 22.34802128 0.00021979
180 100 22.34802128 0.00021979
180 101 22.34802128 0.00021979
179 102 23.96937225 0.00026143
179 103 23.96937225 0.00026143
179 104 23.96937225 0.00026143
178 105 20.79850217 0.00016365
178 106 20.79850217 0.00016365
178 107 20.79850217 0.00016365
178 108 20.79850217 0.00016365
177 109 21.47515315 0.00033106
177 110 21.47515315 0.00033106
176 111 23.58284764 0.00024482
176 112 23.58284764 0.00024482
176 113 23.58284764 0.00024482
175 114 15.59145211 0.00012168
175 115 15.59145211 0.00012168
175 116 15.59145211 0.00012168
175 117 15.59145211 0.00012168
174 116 13.30348474 0.00043732
173 117 21.19643557 0.00011116
173 118 21.19643557 0.00011116
173 119 21.19643557 0.00011116
173 120 21.19643557 0.00011116
173 121 21.19643557 0.00011116
173 122 21.19643557 0.00011116
172 123 18.73326075 0.00013847
172 124 18.73326075 0.00013847
172 125 18.73326075 0.00013847
172 126 18.73326075 0.00013847
171 127 16.60855848 0.00024201
171 128 16.60855848 0.00024201
170 129 19.18017316 0.00013643
170 130 19.18017316 0.00013643
170 131 19.18017316 0.00013643
170 132 19.18017316 0.00013643
169 133 17.28779586 0.00024607
169 134 17.28779586 0.00024607
168 135 23.62502582 0.00022462
168 136 23.62502582 0.00022462
168 137 23.62502582 0.00022462
167 138 15.84503146 0.00010874
167 139 15.84503146 0.00010874
167 140 15.84503146 0.00010874
167 141 15.84503146 0.00010874
165 142 21.47633673 0.00011925
165 143 21.47633673 0.00011925
165 144 21.47633673 0.00011925
165 145 21.47633673 0.00011925
165 146 21.47633673 0.00011925
164 137 10.43475832 0.00029193
164 138 12.88872198 0.00003005
164 139 12.88872198 0.00003005
164 140 12.88872198 0.00003005
164 141 12.88872198 0.00003005
164 142 12.88872198 0.00003005
164 143 12.88872198 0.00003005
164 144 12.88872198 0.00003005
164 145 12.88872198 0.00003005
164 146 12.88872198 0.00003005
164 147 12.88872198 0.00003005
164 148 12.88872198 0.00003005
164 149 12.88872198 0.00003005
163 150 18.22276454 0.00016910
163 151 18.22276454 0.00016910
163 152 18.22276454 0.00016910
162 153 15.17950521 0.00013976
162 154 15.17950521 0.00013976
162 155 15.17950521 0.00013976
161 156 19.15763545 0.00011559
161 157 19.15763545 0.00011559
161 158 19.15763545 0.00011559
161 159 19.15763545 0.00011559
160 160 11.11411097 0.00009246
160 161 11.11411097 0.00009246
160 162 11.11411097 0.00009246
155 163 11.22906773 0.00000342
155 164 11.22906773 0.00000342
155 165 11.22906773 0.00000342
155 166 11.22906773 0.00000342
155 167 11.22906773 0.00000342
155 168 11.22906773 0.00000342
155 169 11.22906773 0.00000342
155 170 11.22906773 0.00000342
155 171 11.22906773 0.00000342
155 172 11.22906773 0.00000342
155 173 11.22906773 0.00000342
155 174 11.22906773 0.00000342
155 175 11.22906773 0.00000342
155 176 11.22906773 0.00000342
155 177 11.22906773 0.00000342
155 178 11.22906773 0.00000342
155 179 11.22906773 0.00000342
155 180 11.22906773 0.00000342
155 181 11.22906773 0.00000342
155 182 11.22906773 0.00000342
155 183 11.22906773 0.00000342
155 184 11.22906773 0.00000342
155 185 11.22906773 0.00000342
155 186 11.22906773 0.00000342
155 187 11.22906773 0.00000342
155 188 11.22906773 0.00000342
155 189 11.22906773 0.00000342
155 190 11.22906773 0.00000342
155 191 11.22906773 0.00000342
155 192 11.22906773 0.00000342
155 193 11.22906773 0.00000342
155 194 11.22906773 0.00000342
155 195 11.22906773 0.00000342
155 196 11.22906773 0.00000342
155 197 11.22906773 0.00000342
155 198 11.22906773 0.00000342
155 199 11.22906773 0.00000342
155 200 11.22906773 0.00000342
155 201 11.22906773 0.00000342
155 202 11.22906773 0.00000342
155 203 11.22906773 0.00000342
155 204 11.22906773 0.00000342
155 205 11.22906773 0.00000342
155 206 11.22906773 0.00000342
155 207 11.22906773 0.00000342
155 208 11.22906773 0.00000342
155 209 11.22906773 0.00000342
155 210 11.22906773 0.00000342
155 211 11.22906773 0.00000342
155 212 11.22906773 0.00000342
155 213 11.22906773 0.00000342
155 214 11.22906773 0.00000342
155 215 11.22906773 0.00000342
155 216 11.22906773 0.00000342
155 217 11.22906773 0.00000342
155 218 11.22906773 0.00000342
155 219 11.22906773 0.00000342
155 220 11.22906773 0.00000342
155 221 11.22906773 0.00000342
155 222 11.22906773 0.00000342
155 223 11.22906773 0.00000342
155 224 11.22906773 0.00000342
155 225 11.22906773 0.00000342
155 226 11.22906773 0.00000342
155 227 11.22906773 0.00000342
155 228 11.22906773 0.00000342
155 229 11.22906773 0.00000342
155 230 11.22906773 0.00000342
155 231 11.22906773 0.00000342
155 232 11.22906773 0.00000342
155 233 11.22906773 0.00000342
155 234 11.22906773 0.00000342
155 235 11.22906773 0.00000342
155 236 11.22906773 0.00000342
155 237 11.22906773 0.00000342
155 238 11.22906773 0.00000342
155 239 11.22906773 0.00000342
155 240 11.22906773 0.00000342
155 241 11.22906773 0.00000342
155 242 11.22906773 0.00000342
155 243 11.22906773 0.00000342
155 244 11.22906773 0.00000342
155 245 11.22906773 0.00000342
155 246 11.22906773 0.00000342
155 247 11.22906773 0.00000342
155 248 11.22906773 0.00000342
155 249 11.22906773 0.00000342
155 250 11.22906773 0.00000342
155 251 11.22906773 0.00000342
155 252 11.22906773 0.00000342
155 253 11.22906773 0.00000342
155 254 11.22906773 0.00000342
155 255 11.22906773 0.00000342
155 256 11.22906773 0.00000342
155 177 12.33575551 0.00035335
154 178 10.16865475 0.00014719
154 179 10.16865475 0.00014719
129 24 14.64955795 0.00031951
128 25 24.17089919 0.00050765
127 26 34.12477913 0.00036003
127 27 34.12477913 0.00036003
126 28 34.77283502 0.00035900
126 29 34.77283502 0.00035900
125 30 40.84669904 0.00043032
125 31 40.84669904 0.00043032
124 32 48.10749756 0.00051130
124 33 48.10749756 0.00051130
123 34 48.72226866 0.00053556
123 35 48.72226866 0.00053556
122 36 49.89186730 0.00056097
122 37 49.89186730 0.00056097
121 38 43.32691086 0.00049668
121 39 43.32691086 0.00049668
120 40 45.14605983 0.00054541
120 41 45.14605983 0.00054541
119 42 46.06142252 0.00058749
119 43 46.06142252 0.00058749
118 44 40.78515736 0.00056412
118 45 40.78515736 0.00056412
117 46 42.41086411 0.00061876
117 47 42.41086411 0.00061876
116 48 43.05066428 0.00071925
116 49 43.05066428 0.00071925
115 50 40.50123394 0.00061560
115 51 40.50123394 0.00061560
114 52 41.18742491 0.00063898
114 53 41.18742491 0.00063898
113 54 34.85553674 0.00057724
113 55 34.85553674 0.00057724
112 56 39.77203406 0.00066637
112 57 39.77203406 0.00066637
111 58 30.35581758 0.00063741
111 59 30.35581758 0.00063741
110 60 41.30758796 0.00069467
110 61 41.30758796 0.00069467
109 62 41.05249566 0.00067925
109 63 41.05249566 0.00067925
108 64 35.66630909 0.00059182
108 65 35.66630909 0.00059182
107 66 36.70327977 0.00066656
107 67 36.70327977 0.00066656
106 68 40.67225031 0.00071216
106 69 40.67225031 0.00071216
105 70 43.66093044 0.00077351
105 71 43.66093044 0.00077351
104 72 46.93884953 0.00080753
104 73 46.93884953 0.00080753
103 74 45.99343468 0.00075580
103 75 45.99343468 0.00075580
102 76 49.59489676 0.00075131
102 77 49.59489676 0.00075131
101 78 49.38895934 0.00074206
101 79 49.38895934 0.00074206
100 80 50.22034049 0.00076233
100 81 50.22034049 0.00076233
99 82 45.48109029 0.00070178
99 83 45.48109029 0.00070178
98 84 52.58424700 0.00080566
98 85 52.58424700 0.00080566
97 86 54.85731469 0.00083882
97 87 54.85731469 0.00083882
96 88 55.24079637 0.00084555
96 89 55.24079637 0.00084555
95 90 44.86273625 0.00070098
95 91 44.86273625 0.00070098
94 92 46.32824984 0.00075268
94 93 46.32824984 0.00075268
93 94 46.90314999 0.00070710
93 95 46.90314999 0.00070710
92 96 57.52362374 0.00083379
92 97 57.52362374 0.00083379
91 98 63.55726366 0.00093542
91 99 63.55726366 0.00093542
89 100 57.17796344 0.00083618
89 101 57.17796344 0.00083618
88 102 62.60596126 0.00091541
88 103 62.60596126 0.00091541
87 104 54.37018360 0.00084100
87 105 54.37018360 0.00084100
86 106 54.29216808 0.00056501
86 107 54.29216808 0.00056501
86 108 54.29216808 0.00056501
85 109 51.16190723 0.00167735
84 110 56.38925053 0.00093847
84 111 56.38925053 0.00093847
83 112 56.50724259 0.00094439
83 113 56.50724259 0.00094439
82 114 55.64673811 0.00096688
82 115 55.64673811 0.00096688
82 116 59.82849619 0.00101066
82 117 59.82849619 0.00101066
80 118 51.63506722 0.00092227
80 119 51.63506722 0.00092227
79 120 47.65261154 0.00086698
79 121 47.65261154 0.00086698
79 122 49.20484988 0.00092248
79 123 49.20484988 0.00092248
78 124 48.40953418 0.00088614
78 125 48.40953418 0.00088614
77 126 49.26806515 0.00095328
77 127 49.26806515 0.00095328
76 128 47.66646452 0.00093966
76 129 47.66646452 0.00093966
75 130 46.15917915 0.00094646
75 131 46.15917915 0.00094646
74 132 44.87688220 0.00091336
74 133 44.87688220 0.00091336
74 134 12.66352544 0.00000419
74 135 12.66352544 0.00000419
74 136 12.66352544 0.00000419
74 137 12.66352544 0.00000419
74 138 12.66352544 0.00000419
74 139 12.66352544 0.00000419
74 140 12.66352544 0.00000419
74 141 12.66352544 0.00000419
74 142 12.66352544 0.00000419
74 143 12.66352544 0.00000419
74 144 12.66352544 0.00000419
74 145 12.66352544 0.00000419
74 146 12.66352544 0.00000419
74 147 12.66352544 0.00000419
74 148 12.66352544 0.00000419
74 149 12.66352544 0.00000419
74 150 12.66352544 0.00000419
74 151 12.66352544 0.00000419
74 152 12.66352544 0.00000419
74 153 12.66352544 0.00000419
74 154 12.66352544 0.00000419
74 155 12.66352544 0.00000419
74 156 12.66352544 0.00000419
74 157 12.66352544 0.00000419
74 158 12.66352544 0.00000419
74 159 12.66352544 0.00000419
74 160 12.66352544 0.00000419
74 161 12.66352544 0.00000419
74 162 12.66352544 0.00000419
74 163 12.66352544 0.00000419
74 164 12.66352544 0.00000419
74 165 12.66352544 0.00000419
74 166 12.66352544 0.00000419
74 167 12.66352544 0.00000419
74 168 12.66352544 0.00000419
74 169 12.66352544 0.00000419
74 170 12.66352544 0.00000419
74 171 12.66352544 0.00000419
74 172 12.66352544 0.00000419
74 173 12.66352544 0.00000419
74 174 12.66352544 0.00000419
74 175 12.66352544 0.00000419
74 176 12.66352544 0.00000419
74 177 12.66352544 0.00000419
74 178 12.66352544 0.00000419
74 179 12.66352544 0.00000419
74 180 12.66352544 0.00000419
74 181 12.66352544 0.00000419
74 182 12.66352544 0.00000419
74 183 12.66352544 0.00000419
74 184 12.66352544 0.00000419
74 185 12.66352544 0.00000419
74 186 12.66352544 0.00000419
74 187 12.66352544 0.00000419
74 188 12.66352544 0.00000419
74 189 12.66352544 0.00000419
74 190 12.66352544 0.00000419
74 191 12.66352544 0.00000419
74 192 12.66352544 0.00000419
74 193 12.66352544 0.00000419
74 194 12.66352544 0.00000419
74 195 12.66352544 0.00000419
74 196 12.66352544 0.00000419
74 197 12.66352544 0.00000419
74 198 12.66352544 0.00000419
74 199 12.66352544 0.00000419
74 200 12.66352544 0.00000419
74 201 12.66352544 0.00000419
74 202 12.66352544 0.00000419
74 203 12.66352544 0.00000419
74 204 12.66352544 0.00000419
74 205 12.66352544 0.00000419
74 206 12.66352544 0.00000419
74 207 12.66352544 0.00000419
74 208 12.66352544 0.00000419
74 209 12.66352544 0.00000419
74 210 12.66352544 0.00000419
74 211 12.66352544 0.00000419
74 212 12.66352544 0.00000419
74 213 12.66352544 0.00000419
74 214 12.66352544 0.00000419
74 215 12.66352544 0.00000419
74 216 12.66352544 0.00000419
74 217 12.66352544 0.00000419
74 218 12.66352544 0.00000419
74 219 12.66352544 0.00000419
74 220 12.66352544 0.00000419
74 221 12.66352544 0.00000419
74 222 12.66352544 0.00000419
74 223 12.66352544 0.00000419
74 224 12.66352544 0.00000419
74 225 12.66352544 0.00000419
74 226 12.66352544 0.00000419
74 227 12.66352544 0.00000419
74 228 12.66352544 0.00000419
74 229 12.66352544 0.00000419
74 230 12.66352544 0.00000419
74 231 12.66352544 0.00000419
74 232 12.66352544 0.00000419
74 233 12.66352544 0.00000419
74 234 12.66352544 0.00000419
74 235 12.66352544 0.00000419
74 236 12.66352544 0.00000419
74 237 12.66352544 0.00000419
74 238 12.66352544 0.00000419
74 239 12.66352544 0.00000419
74 240 12.66352544 0.00000419
74 241 12.66352544 0.00000419
74 242 12.66352544 0.00000419
74 243 12.66352544 0.00000419
74 244 12.66352544 0.00000419
74 245 12.66352544 0.00000419
74 246 12.66352544 0.00000419
74 247 12.66352544 0.00000419
74 248 12.66352544 0.00000419
74 249 12.66352544 0.00000419
74 250 12.66352544 0.00000419
74 251 12.66352544 0.00000419
74 252 12.66352544 0.00000419
74 253 12.66352544 0.00000419
74 254 12.66352544 0.00000419
74 255 12.66352544 0.00000419
74 256 12.66352544 0.00000419
72 135 38.62650681 0.00170981
71 136 39.54754943 0.00060384
71 137 39.54754943 0.00060384
71 138 39.54754943 0.00060384
70 139 38.96647657 0.00090282
70 140 38.96647657 0.00090282
69 141 35.31883653 0.00082477
69 142 35.31883653 0.00082477
68 143 37.62090362 0.00188962
67 144 36.60699519 0.00095752
67 145 36.60699519 0.00095752
66 146 38.30569705 0.00070061
66 147 38.30569705 0.00070061
66 148 38.30569705 0.00070061
65 149 49.42951037 0.00106294
65 150 49.42951037 0.00106294
64 151 57.41733766 0.00112973
64 152 57.41733766 0.00112973
63 153 63.32813947 0.00128881
63 154 63.32813947 0.00128881
62 155 58.08208015 0.00118862
62 156 58.08208015 0.00118862
61 157 52.26358414 0.00109271
61 158 52.26358414 0.00109271
60 159 59.63893422 0.00127165
60 160 59.63893422 0.00127165
59 161 55.38304774 0.00124723
59 162 55.38304774 0.00124723
58 163 48.60604857 0.00114817
58 164 48.60604857 0.00114817
57 165 59.03662661 0.00115181
57 166 59.03662661 0.00115181
56 167 58.53184979 0.00111578
56 168 58.53184979 0.00111578
55 169 56.95415590 0.00107738
55 170 56.95415590 0.00107738
54 171 54.66564516 0.00104137
54 172 54.66564516 0.00104137
53 173 62.62175120 0.00122949
53 174 62.62175120 0.00122949
52 175 54.44384563 0.00110085
52 176 54.44384563 0.00110085
51 177 53.65844695 0.00114114
51 178 53.65844695 0.00114114
50 179 60.00020709 0.00100422
50 180 60.00020709 0.00100422
49 181 71.07017983 0.00062193
49 182 71.07017983 0.00062193
49 183 71.07017983 0.00062193
48 184 63.70326650 0.00087424
48 185 63.70326650 0.00087424
47 186 47.39822958 0.00136737
46 187 38.93745591 0.00117304
45 188 12.55783866 0.00000576
45 189 12.55783866 0.00000576
45 190 12.55783866 0.00000576
45 191 12.55783866 0.00000576
45 192 12.55783866 0.00000576
45 193 12.55783866 0.00000576
45 194 12.55783866 0.00000576
45 195 12.55783866 0.00000576
45 196 12.55783866 0.00000576
45 197 12.55783866 0.00000576
45 198 12.55783866 0.00000576
45 199 12.55783866 0.00000576
45 200 12.55783866 0.00000576
45 201 12.55783866 0.00000576
45 202 12.55783866 0.00000576
45 203 12.55783866 0.00000576
45 204 12.55783866 0.00000576
45 205 12.55783866 0.00000576
45 206 12.55783866 0.00000576
45 207 12.55783866 0.00000576
45 208 12.55783866 0.00000576
45 209 12.55783866 0.00000576
45 210 12.55783866 0.00000576
45 211 12.55783866 0.00000576
45 212 12.55783866 0.00000576
45 213 12.55783866 0.00000576
45 214 12.55783866 0.00000576
45 215 12.55783866 0.00000576
45 216 12.55783866 0.00000576
45 217 12.55783866 0.00000576
45 218 12.55783866 0.00000576
45 219 12.55783866 0.00000576
45 220 12.55783866 0.00000576
45 221 12.55783866 0.00000576
45 222 12.55783866 0.00000576
45 223 12.55783866 0.00000576
45 224 12.55783866 0.00000576
45 225 12.55783866 0.00000576
45 226 12.55783866 0.00000576
45 227 12.55783866 0.00000576
45 228 12.55783866 0.00000576
45 229 12.55783866 0.00000576
45 230 12.55783866 0.00000576
45 231 12.55783866 0.00000576
45 232 12.55783866 0.00000576
45 233 12.55783866 0.00000576
45 234 12.55783866 0.00000576
45 235 12.55783866 0.00000576
45 236 12.55783866 0.00000576
45 237 12.55783866 0.00000576
45 238 12.55783866 0.00000576
45 239 12.55783866 0.00000576
45 240 12.55783866 0.00000576
45 241 12.55783866 0.00000576
45 242 12.55783866 0.00000576
45 243 12.55783866 0.00000576
45 244 12.55783866 0.00000576
45 245 12.55783866 0.00000576
45 246 12.55783866 0.00000576
45 247 12.55783866 0.00000576
45 248 12.55783866 0.00000576
45 249 12.55783866 0.00000576
45 250 12.55783866 0.00000576
45 251 12.55783866 0.00000576
45 252 12.55783866 0.00000576
45 253 12.55783866 0.00000576
45 254 12.55783866 0.00000576
45 255 12.55783866 0.00000576
45 256 12.55783866 0.00000576
45 190 29.57435863 0.00093677
44 191 13.36658992 0.00022135
44 192 13.36658992 0.00022135
43 190 17.20524079 0.00061869
