0.0000000000 2.6406186700 0.0000000000
1.0000000000 2.6332495100 0.0000000000
2.0000000000 2.6258797500 0.0000000000
3.0000000000 2.6185093700 0.0000000000
4.0000000000 2.6111383900 0.0000000000
5.0000000000 2.6037667900 0.0000000000
6.0000000000 2.5963945900 0.0000000000
7.0000000000 2.5890217800 0.0000000000
8.0000000000 2.5816483500 0.0000000000
9.0000000000 2.5742743200 0.0000000000
10.0000000000 2.5668996700 0.0000000000
11.0000000000 2.5595244200 0.0000000000
12.0000000000 2.5521485600 0.0000000000
13.0000000000 2.5447720800 0.0000000000
14.0000000000 2.5373950000 0.0000000000
15.0000000000 2.5300173000 0.0000000000
16.0000000000 2.5226390000 0.0000000000
17.0000000000 2.5152600800 0.0000000000
18.0000000000 2.5078805600 0.0000000000
19.0000000000 2.5001134334 0.0088100000
20.0000000000 2.4927323338 0.0088090000
21.0000000000 2.4853492351 0.0088070000
22.0000000000 2.4779661372 0.0088060000
23.0000000000 2.4705830403 0.0088040000
24.0000000000 2.4631989444 0.0088030000
25.0000000000 2.4558138497 0.0088020000
26.0000000000 2.4484277560 0.0088000000
27.0000000000 2.4410416636 0.0087990000
28.0000000000 2.4336555725 0.0087970000
29.0000000000 2.4262674828 0.0087960000
30.0000000000 2.4188803945 0.0087950000
31.0000000000 2.4114913077 0.0087930000
32.0000000000 2.4041022225 0.0087920000
33.0000000000 2.3967121389 0.0087900000
34.0000000000 2.3893220571 0.0087890000
35.0000000000 2.3819309770 0.0087880000
36.0000000000 2.3745398987 0.0087860000
37.0000000000 2.3671478224 0.0087850000
38.0000000000 2.3597547480 0.0087830000
39.0000000000 2.3523606758 0.0087820000
40.0000000000 2.3449666056 0.0087810000
41.0000000000 2.3375725376 0.0087790000
42.0000000000 2.3301774719 0.0087780000
43.0000000000 2.3227814085 0.0087770000
44.0000000000 2.3153843475 0.0087750000
45.0000000000 2.3079872889 0.0087740000
46.0000000000 2.3005902329 0.0087720000
47.0000000000 2.2931921795 0.0087710000
48.0000000000 2.2857931288 0.0087700000
49.0000000000 2.2783930808 0.0087680000
50.0000000000 2.2709930356 0.0087670000
51.0000000000 2.2635919933 0.0087650000
52.0000000000 2.2561909539 0.0087640000
53.0000000000 2.2487889175 0.0087630000
54.0000000000 2.2413868842 0.0087610000
55.0000000000 2.2339838541 0.0087600000
56.0000000000 2.2265808272 0.0087580000
57.0000000000 2.2191768035 0.0087570000
58.0000000000 2.2117717833 0.0087550000
59.0000000000 2.2043667664 0.0087540000
60.0000000000 2.1969607530 0.0087530000
61.0000000000 2.1895547432 0.0087510000
62.0000000000 2.1821477371 0.0087500000
63.0000000000 2.1747407346 0.0087480000
64.0000000000 2.1673327359 0.0087470000
65.0000000000 2.1599237410 0.0087460000
66.0000000000 2.1525147500 0.0087440000
67.0000000000 2.1451057630 0.0087430000
68.0000000000 2.1376957800 0.0087410000
69.0000000000 2.1302848012 0.0087400000
70.0000000000 2.1228738265 0.0087390000
71.0000000000 2.1154618561 0.0087370000
72.0000000000 2.1080498900 0.0087360000
73.0000000000 2.1006369282 0.0087340000
74.0000000000 2.0932239709 0.0087330000
75.0000000000 2.0858100182 0.0087320000
76.0000000000 2.0783950700 0.0087300000
77.0000000000 2.0709801265 0.0087290000
78.0000000000 2.0635641877 0.0087270000
79.0000000000 2.0561482537 0.0087260000
80.0000000000 2.0487323245 0.0087250000
81.0000000000 2.0413144003 0.0087230000
82.0000000000 2.0338974811 0.0087220000
83.0000000000 2.0264785670 0.0087210000
84.0000000000 2.0190596580 0.0087190000
85.0000000000 2.0116407542 0.0087180000
86.0000000000 2.0042208556 0.0087160000
87.0000000000 1.9968009624 0.0087150000
88.0000000000 1.9893800747 0.0087140000
89.0000000000 1.9819591924 0.0087120000
90.0000000000 1.9745373156 0.0087110000
91.0000000000 1.9671154445 0.0087090000
92.0000000000 1.9596925790 0.0087080000
93.0000000000 1.9522697194 0.0087060000
94.0000000000 1.9448458655 0.0087050000
95.0000000000 1.9374220175 0.0087040000
96.0000000000 1.9299981755 0.0087020000
97.0000000000 1.9225733395 0.0087010000
98.0000000000 1.9151485096 0.0086990000
99.0000000000 1.9077226859 0.0086980000
100.0000000000 1.9002928684 0.0086970000
101.0000000000 1.8928620572 0.0086950000
102.0000000000 1.8854412523 0.0086940000
103.0000000000 1.8780104539 0.0086920000
104.0000000000 1.8705796621 0.0086910000
105.0000000000 1.8631588767 0.0086900000
106.0000000000 1.8557280981 0.0086880000
107.0000000000 1.8482973261 0.0086870000
108.0000000000 1.8408665610 0.0086850000
109.0000000000 1.8334358027 0.0086840000
110.0000000000 1.8260050513 0.0086830000
111.0000000000 1.8185743068 0.0086810000
112.0000000000 1.8111435695 0.0086800000
113.0000000000 1.8037128393 0.0086780000
114.0000000000 1.7962821162 0.0086770000
115.0000000000 1.7888414004 0.0086760000
116.0000000000 1.7814106920 0.0086740000
117.0000000000 1.7739799909 0.0086730000
118.0000000000 1.7665392974 0.0086710000
119.0000000000 1.7591086113 0.0086700000
120.0000000000 1.7516779329 0.0086690000
121.0000000000 1.7442372621 0.0086670000
122.0000000000 1.7368065991 0.0086660000
123.0000000000 1.7293659438 0.0086640000
124.0000000000 1.7219352965 0.0086630000
125.0000000000 1.7144946571 0.0086620000
126.0000000000 1.7070540257 0.0086600000
127.0000000000 1.6996234024 0.0086590000
128.0000000000 1.6921827873 0.0086570000
129.0000000000 1.6847421804 0.0086560000
130.0000000000 1.6773015817 0.0086550000
131.0000000000 1.6698609915 0.0086530000
132.0000000000 1.6624204096 0.0086520000
133.0000000000 1.6549798363 0.0086500000
134.0000000000 1.6475392715 0.0086490000
135.0000000000 1.6400987153 0.0086480000
136.0000000000 1.6326581678 0.0086460000
137.0000000000 1.6252176292 0.0086450000
138.0000000000 1.6177770993 0.0086430000
139.0000000000 1.6103365784 0.0086420000
140.0000000000 1.6028960664 0.0086410000
141.0000000000 1.5954455635 0.0086390000
142.0000000000 1.5880050696 0.0086380000
143.0000000000 1.5805645850 0.0086360000
144.0000000000 1.5731141096 0.0086350000
145.0000000000 1.5656736436 0.0086340000
146.0000000000 1.5582231869 0.0086320000
147.0000000000 1.5507827396 0.0086310000
148.0000000000 1.5433323019 0.0086290000
149.0000000000 1.5358918738 0.0086280000
150.0000000000 1.5284414554 0.0086270000
151.0000000000 1.5209910467 0.0086250000
152.0000000000 1.5135506477 0.0086240000
153.0000000000 1.5061002587 0.0086220000
154.0000000000 1.4986498795 0.0086210000
155.0000000000 1.4911995104 0.0086200000
156.0000000000 1.4837591514 0.0086180000
157.0000000000 1.4763088025 0.0086170000
158.0000000000 1.4688584637 0.0086150000
159.0000000000 1.4614081353 0.0086140000
160.0000000000 1.4539578172 0.0086130000
161.0000000000 1.4465075096 0.0086110000
162.0000000000 1.4390572124 0.0086100000
163.0000000000 1.4316069258 0.0086080000
164.0000000000 1.4241566497 0.0086070000
165.0000000000 1.4167063844 0.0086060000
166.0000000000 1.4092461299 0.0086040000
167.0000000000 1.4017958861 0.0086030000
168.0000000000 1.3943456533 0.0086010000
169.0000000000 1.3868954314 0.0086000000
170.0000000000 1.3794352205 0.0085990000
171.0000000000 1.3719850208 0.0085970000
172.0000000000 1.3645348322 0.0085960000
173.0000000000 1.3570746548 0.0085940000
174.0000000000 1.3496244888 0.0085930000
175.0000000000 1.3421643341 0.0085920000
176.0000000000 1.3347141909 0.0085900000
177.0000000000 1.3272540592 0.0085890000
178.0000000000 1.3198039390 0.0085870000
179.0000000000 1.3123438305 0.0085860000
180.0000000000 1.3048937338 0.0085850000
181.0000000000 1.2974336488 0.0085830000
182.0000000000 1.2899735756 0.0085820000
183.0000000000 1.2825135144 0.0085800000
184.0000000000 1.2750634652 0.0085790000
185.0000000000 1.2676034280 0.0085780000
186.0000000000 1.2601434030 0.0085760000
187.0000000000 1.2526833901 0.0085750000
188.0000000000 1.2452233896 0.0085730000
189.0000000000 1.2377734013 0.0085720000
190.0000000000 1.2303134255 0.0085710000
191.0000000000 1.2228534621 0.0085690000
192.0000000000 1.2153935113 0.0085680000
193.0000000000 1.2079335731 0.0085660000
194.0000000000 1.2004736475 0.0085650000
195.0000000000 1.1930137347 0.0085640000
196.0000000000 1.1855538347 0.0085620000
197.0000000000 1.1780939476 0.0085610000
198.0000000000 1.1706340734 0.0085590000
199.0000000000 1.1631742123 0.0085580000
200.0000000000 1.1557143643 0.0085570000
201.0000000000 1.1482545294 0.0085550000
202.0000000000 1.1407947077 0.0085540000
203.0000000000 1.1333348993 0.0085520000
204.0000000000 1.1258751043 0.0085510000
205.0000000000 1.1184153227 0.0085500000
206.0000000000 1.1109555546 0.0085480000
207.0000000000 1.1034958001 0.0085470000
208.0000000000 1.0960260592 0.0085450000
209.0000000000 1.0885663320 0.0085440000
210.0000000000 1.0811066186 0.0085430000
211.0000000000 1.0736469190 0.0085410000
212.0000000000 1.0661872334 0.0085400000
213.0000000000 1.0587175617 0.0085380000
214.0000000000 1.0512579041 0.0085370000
215.0000000000 1.0437982605 0.0085360000
216.0000000000 1.0363286312 0.0085340000
217.0000000000 1.0288690161 0.0085330000
218.0000000000 1.0214094154 0.0085310000
219.0000000000 1.0139398290 0.0085300000
220.0000000000 1.0064802571 0.0085290000
221.0000000000 0.9990206997 0.0085270000
222.0000000000 0.9915511569 0.0085260000
223.0000000000 0.9840916288 0.0085240000
224.0000000000 0.9766221154 0.0085230000
225.0000000000 0.9691626168 0.0085220000
226.0000000000 0.9617031330 0.0085200000
227.0000000000 0.9542336642 0.0085190000
228.0000000000 0.9467742105 0.0085170000
229.0000000000 0.9393047718 0.0085160000
230.0000000000 0.9318453482 0.0085150000
231.0000000000 0.9243759398 0.0085130000
232.0000000000 0.9169165468 0.0085120000
233.0000000000 0.9094471690 0.0085100000
234.0000000000 0.9019878067 0.0085090000
235.0000000000 0.8945184599 0.0085080000
236.0000000000 0.8870591287 0.0085060000
237.0000000000 0.8795898130 0.0085050000
238.0000000000 0.8721305131 0.0085030000
239.0000000000 0.8646612289 0.0085020000
240.0000000000 0.8572019605 0.0085010000
241.0000000000 0.8497327081 0.0084990000
242.0000000000 0.8422734716 0.0084980000
243.0000000000 0.8348142511 0.0084960000
244.0000000000 0.8273450467 0.0084950000
245.0000000000 0.8198858585 0.0084940000
246.0000000000 0.8124166866 0.0084920000
247.0000000000 0.8049575310 0.0084910000
248.0000000000 0.7974883917 0.0084890000
249.0000000000 0.7900292689 0.0084880000
250.0000000000 0.7825701626 0.0084870000
251.0000000000 0.7751010729 0.0084850000
252.0000000000 0.7676419998 0.0084840000
253.0000000000 0.7601829434 0.0084820000
254.0000000000 0.7527239039 0.0084810000
255.0000000000 0.7452548812 0.0084800000
256.0000000000 0.7377958754 0.0084780000
257.0000000000 0.7303368866 0.0084770000
258.0000000000 0.7228779149 0.0084750000
259.0000000000 0.7154189603 0.0084740000
260.0000000000 0.7079600229 0.0084730000
261.0000000000 0.7005011028 0.0084710000
262.0000000000 0.6930422000 0.0084700000
263.0000000000 0.6855833146 0.0084680000
264.0000000000 0.6781244467 0.0084670000
265.0000000000 0.6706655964 0.0084660000
266.0000000000 0.6632067636 0.0084640000
267.0000000000 0.6557479486 0.0084630000
268.0000000000 0.6482891512 0.0084610000
269.0000000000 0.6408403717 0.0084600000
270.0000000000 0.6333816101 0.0084590000
271.0000000000 0.6259228664 0.0084570000
272.0000000000 0.6184741408 0.0084560000
273.0000000000 0.6110154332 0.0084540000
274.0000000000 0.6035667438 0.0084530000
275.0000000000 0.5961080727 0.0084520000
276.0000000000 0.5886594198 0.0084500000
277.0000000000 0.5812107853 0.0084490000
278.0000000000 0.5737621692 0.0084470000
279.0000000000 0.5663135716 0.0084460000
280.0000000000 0.5588649926 0.0084450000
281.0000000000 0.5514164323 0.0084430000
282.0000000000 0.5439678906 0.0084420000
283.0000000000 0.5365193677 0.0084400000
284.0000000000 0.5290808637 0.0084390000
285.0000000000 0.5216323786 0.0084380000
286.0000000000 0.5141939125 0.0084360000
287.0000000000 0.5067454654 0.0084350000
288.0000000000 0.4993070374 0.0084330000
289.0000000000 0.4918686286 0.0084320000
290.0000000000 0.4844302391 0.0084310000
291.0000000000 0.4770018689 0.0084290000
292.0000000000 0.4695635181 0.0084280000
293.0000000000 0.4621351867 0.0084260000
294.0000000000 0.4547068749 0.0084250000
295.0000000000 0.4472785827 0.0084240000
296.0000000000 0.4398503101 0.0084220000
297.0000000000 0.4324220573 0.0084210000
298.0000000000 0.4250038243 0.0084190000
299.0000000000 0.4175856112 0.0084180000
300.0000000000 0.4101674180 0.0084170000
301.0000000000 0.4027592448 0.0084150000
302.0000000000 0.3953410917 0.0084150000
303.0000000000 0.3879329587 0.0084150000
304.0000000000 0.3805348460 0.0084150000
305.0000000000 0.3731367535 0.0084150000
306.0000000000 0.3657286814 0.0084150000
307.0000000000 0.3587416200 0.0000000000
308.0000000000 0.3513469300 0.0000000000
309.0000000000 0.3439551300 0.0000000000
310.0000000000 0.3365662100 0.0000000000
311.0000000000 0.3291801800 0.0000000000
312.0000000000 0.3217970300 0.0000000000
313.0000000000 0.3144167600 0.0000000000
314.0000000000 0.3070393600 0.0000000000
315.0000000000 0.2996648500 0.0000000000
316.0000000000 0.2922932100 0.0000000000
317.0000000000 0.2849244600 0.0000000000
318.0000000000 0.2775585700 0.0000000000
319.0000000000 0.2701955600 0.0000000000
320.0000000000 0.2628354200 0.0000000000
321.0000000000 0.2554781600 0.0000000000
322.0000000000 0.2481237700 0.0000000000
323.0000000000 0.2407722400 0.0000000000
324.0000000000 0.2334235800 0.0000000000
325.0000000000 0.2260778000 0.0000000000
326.0000000000 0.2187348700 0.0000000000
327.0000000000 0.2113948200 0.0000000000
