0.000000000000000000e+00 7.355325221103345967e-01 6.991168000000000382e-02
1.000000000000000000e+00 8.963240852063193431e-01 6.739100000000000645e-02
2.000000000000000000e+00 2.367426827009457557e-01 4.920701000000000241e-02
3.000000000000000000e+00 4.993652299999999933e-01 4.310441000000000272e-02
4.000000000000000000e+00 5.512553799999999615e-01 4.622781000000000112e-02
5.000000000000000000e+00 5.492557399999999923e-01 4.471315000000000012e-02
6.000000000000000000e+00 6.743029799999999963e-01 5.324430000000000135e-02
7.000000000000000000e+00 5.479628600000000516e-01 4.193308999999999925e-02
8.000000000000000000e+00 4.329516800000000054e-01 3.208082999999999768e-02
9.000000000000000000e+00 6.143991199999999653e-01 4.404041000000000206e-02
1.000000000000000000e+01 4.062441399999999758e-01 2.814215999999999940e-02
1.100000000000000000e+01 2.675382199999999933e-01 1.789289999999999978e-02
1.200000000000000000e+01 1.852371899999999960e-01 1.194765000000000063e-02
1.300000000000000000e+01 1.326475900000000097e-01 8.241889999999999980e-03
1.400000000000000000e+01 5.127258999999999983e-02 3.065350000000000106e-03
1.500000000000000000e+01 1.232439999999999924e-02 7.081099999999999678e-04
1.600000000000000000e+01 1.208139999999999908e-03 6.663000000000000411e-05
1.700000000000000000e+01 3.205899999999999917e-04 1.694999999999999865e-05
1.800000000000000000e+01 2.569499999999999844e-04 1.299999999999999920e-05
1.900000000000000000e+01 2.444999999999999799e-04 1.183000000000000024e-05
2.000000000000000000e+01 2.335200000000000004e-04 1.079000000000000003e-05
2.100000000000000000e+01 2.258899999999999938e-04 9.949999999999999603e-06
2.200000000000000000e+01 2.197900000000000081e-04 9.219999999999999816e-06
2.300000000000000000e+01 2.154699999999999953e-04 8.600000000000000670e-06
2.400000000000000000e+01 2.110699999999999968e-04 7.999999999999999638e-06
2.500000000000000000e+01 2.076400000000000110e-04 7.480000000000000381e-06
2.600000000000000000e+01 2.045899999999999910e-04 6.999999999999999895e-06
2.700000000000000000e+01 2.018099999999999939e-04 6.559999999999999873e-06
2.800000000000000000e+01 2.000399999999999889e-04 6.180000000000000123e-06
2.900000000000000000e+01 1.983200000000000121e-04 5.839999999999999990e-06
3.000000000000000000e+01 1.974500000000000018e-04 5.550000000000000225e-06
3.100000000000000000e+01 1.963699999999999918e-04 5.300000000000000078e-06
3.200000000000000000e+01 1.951199999999999885e-04 5.090000000000000394e-06
3.300000000000000000e+01 1.937599999999999880e-04 4.930000000000000232e-06
3.400000000000000000e+01 1.926999999999999948e-04 4.889999999999999768e-06
3.500000000000000000e+01 1.922799999999999954e-04 4.869999999999999960e-06
3.600000000000000000e+01 1.920199999999999945e-04 4.850000000000000151e-06
3.700000000000000000e+01 1.922299999999999942e-04 4.850000000000000151e-06
3.800000000000000000e+01 1.921799999999999930e-04 4.830000000000000343e-06
3.900000000000000000e+01 1.917199999999999872e-04 4.809999999999999687e-06
4.000000000000000000e+01 1.911000000000000101e-04 4.789999999999999879e-06
4.100000000000000000e+01 1.913100000000000098e-04 4.789999999999999879e-06
4.200000000000000000e+01 1.914899999999999979e-04 4.779999999999999974e-06
4.300000000000000000e+01 1.920400000000000113e-04 4.779999999999999974e-06
4.400000000000000000e+01 1.923399999999999914e-04 4.779999999999999974e-06
4.500000000000000000e+01 1.925300000000000015e-04 4.779999999999999974e-06
4.600000000000000000e+01 1.919599999999999985e-04 4.760000000000000166e-06
4.700000000000000000e+01 1.915399999999999991e-04 4.740000000000000357e-06
4.800000000000000000e+01 1.911700000000000010e-04 4.729999999999999606e-06
4.900000000000000000e+01 1.913399999999999942e-04 4.729999999999999606e-06
5.000000000000000000e+01 1.915200000000000095e-04 4.740000000000000357e-06
5.100000000000000000e+01 1.916599999999999912e-04 4.740000000000000357e-06
5.200000000000000000e+01 1.918900000000000076e-04 4.750000000000000262e-06
5.300000000000000000e+01 1.916300000000000067e-04 4.740000000000000357e-06
5.400000000000000000e+01 1.913399999999999942e-04 4.560000000000000387e-06
5.500000000000000000e+01 1.913299999999999994e-04 4.380000000000000416e-06
5.600000000000000000e+01 1.915399999999999991e-04 4.220000000000000254e-06
5.700000000000000000e+01 1.916099999999999900e-04 4.069999999999999996e-06
5.800000000000000000e+01 1.911000000000000101e-04 3.940000000000000393e-06
5.900000000000000000e+01 1.905700000000000135e-04 3.819999999999999848e-06
6.000000000000000000e+01 1.900399999999999897e-04 3.729999999999999863e-06
6.100000000000000000e+01 1.901499999999999870e-04 3.729999999999999863e-06
6.200000000000000000e+01 1.903100000000000126e-04 3.729999999999999863e-06
6.300000000000000000e+01 1.910199999999999973e-04 3.750000000000000095e-06
6.400000000000000000e+01 1.919900000000000100e-04 3.769999999999999904e-06
6.500000000000000000e+01 1.931900000000000121e-04 3.790000000000000136e-06
6.600000000000000000e+01 1.938099999999999892e-04 3.800000000000000040e-06
6.700000000000000000e+01 1.943600000000000026e-04 3.809999999999999944e-06
6.800000000000000000e+01 1.950099999999999913e-04 3.829999999999999753e-06
6.900000000000000000e+01 1.953000000000000038e-04 3.829999999999999753e-06
7.000000000000000000e+01 1.952699999999999922e-04 3.829999999999999753e-06
7.100000000000000000e+01 1.948200000000000084e-04 3.819999999999999848e-06
7.200000000000000000e+01 1.946899999999999944e-04 3.819999999999999848e-06
7.300000000000000000e+01 1.950699999999999873e-04 3.829999999999999753e-06
7.400000000000000000e+01 1.954299999999999907e-04 3.829999999999999753e-06
7.500000000000000000e+01 1.959100000000000132e-04 3.839999999999999657e-06
7.600000000000000000e+01 1.960700000000000116e-04 3.850000000000000408e-06
7.700000000000000000e+01 1.960900000000000013e-04 3.850000000000000408e-06
7.800000000000000000e+01 1.962199999999999882e-04 3.850000000000000408e-06
7.900000000000000000e+01 1.964199999999999930e-04 3.850000000000000408e-06
8.000000000000000000e+01 1.968299999999999976e-04 3.860000000000000312e-06
8.100000000000000000e+01 1.976100000000000003e-04 3.870000000000000217e-06
8.200000000000000000e+01 1.985500000000000014e-04 3.890000000000000025e-06
8.300000000000000000e+01 1.991200000000000045e-04 3.899999999999999929e-06
8.400000000000000000e+01 1.989500000000000112e-04 3.899999999999999929e-06
8.500000000000000000e+01 1.984900000000000054e-04 3.890000000000000025e-06
8.600000000000000000e+01 1.991399999999999941e-04 3.899999999999999929e-06
8.700000000000000000e+01 2.010500000000000080e-04 3.929999999999999642e-06
8.800000000000000000e+01 2.020900000000000116e-04 3.950000000000000298e-06
8.900000000000000000e+01 2.030599999999999972e-04 3.960000000000000202e-06
9.000000000000000000e+01 2.036300000000000002e-04 3.980000000000000010e-06
9.100000000000000000e+01 2.037300000000000027e-04 3.980000000000000010e-06
9.200000000000000000e+01 2.044799999999999938e-04 3.989999999999999915e-06
9.300000000000000000e+01 2.048800000000000035e-04 3.999999999999999819e-06
9.400000000000000000e+01 2.054500000000000065e-04 4.030000000000000379e-06
9.500000000000000000e+01 2.060599999999999888e-04 4.069999999999999996e-06
9.600000000000000000e+01 2.067100000000000046e-04 4.120000000000000364e-06
9.700000000000000000e+01 2.073900000000000049e-04 4.210000000000000349e-06
9.800000000000000000e+01 2.081100000000000116e-04 4.230000000000000158e-06
9.900000000000000000e+01 2.088699999999999975e-04 4.269999999999999775e-06
1.000000000000000000e+02 2.096699999999999898e-04 4.279999999999999679e-06
1.010000000000000000e+02 2.104999999999999938e-04 4.199999999999999598e-06
1.020000000000000000e+02 2.113700000000000041e-04 4.210000000000000349e-06
1.030000000000000000e+02 2.122799999999999937e-04 4.339999999999999952e-06
1.040000000000000000e+02 2.132199999999999948e-04 4.519999999999999923e-06
1.050000000000000000e+02 2.142099999999999972e-04 4.359999999999999760e-06
1.060000000000000000e+02 2.152300000000000112e-04 4.400000000000000224e-06
1.070000000000000000e+02 2.162800000000000096e-04 4.449999999999999746e-06
1.080000000000000000e+02 2.173800000000000092e-04 4.529999999999999827e-06
1.090000000000000000e+02 2.185099999999999933e-04 4.500000000000000114e-06
1.100000000000000000e+02 2.196800000000000109e-04 4.459999999999999650e-06
1.110000000000000000e+02 2.208800000000000130e-04 4.420000000000000033e-06
1.120000000000000000e+02 2.221299999999999891e-04 4.369999999999999665e-06
1.130000000000000000e+02 2.234100000000000040e-04 4.369999999999999665e-06
1.140000000000000000e+02 2.245899999999999893e-04 4.390000000000000320e-06
1.150000000000000000e+02 2.262099999999999907e-04 4.420000000000000033e-06
1.160000000000000000e+02 2.272399999999999995e-04 4.439999999999999841e-06
1.170000000000000000e+02 2.278100000000000025e-04 4.449999999999999746e-06
1.180000000000000000e+02 2.289399999999999866e-04 4.470000000000000401e-06
1.190000000000000000e+02 2.310199999999999938e-04 4.510000000000000018e-06
1.200000000000000000e+02 2.331099999999999958e-04 4.549999999999999635e-06
1.210000000000000000e+02 2.347799999999999985e-04 4.580000000000000195e-06
1.220000000000000000e+02 2.363400000000000039e-04 4.609999999999999908e-06
1.230000000000000000e+02 2.387699999999999924e-04 4.660000000000000276e-06
1.240000000000000000e+02 2.414499999999999871e-04 4.709999999999999797e-06
1.250000000000000000e+02 2.439700000000000104e-04 4.760000000000000166e-06
1.260000000000000000e+02 2.454700000000000198e-04 4.789999999999999879e-06
1.270000000000000000e+02 2.468799999999999944e-04 4.819999999999999591e-06
1.280000000000000000e+02 2.482399999999999950e-04 4.850000000000000151e-06
1.290000000000000000e+02 2.498000000000000003e-04 4.879999999999999864e-06
1.300000000000000000e+02 2.518900000000000024e-04 4.920000000000000328e-06
1.310000000000000000e+02 2.544399999999999830e-04 4.969999999999999849e-06
1.320000000000000000e+02 2.572399999999999969e-04 5.020000000000000218e-06
1.330000000000000000e+02 2.593599999999999834e-04 5.059999999999999835e-06
1.340000000000000000e+02 2.612399999999999857e-04 5.100000000000000299e-06
1.350000000000000000e+02 2.636499999999999846e-04 5.149999999999999820e-06
1.360000000000000000e+02 2.666899999999999826e-04 5.210000000000000092e-06
1.370000000000000000e+02 2.694500000000000172e-04 5.259999999999999614e-06
1.380000000000000000e+02 2.721299999999999848e-04 5.309999999999999982e-06
1.390000000000000000e+02 2.762600000000000147e-04 5.390000000000000063e-06
1.400000000000000000e+02 2.809399999999999766e-04 5.489999999999999953e-06
1.410000000000000000e+02 2.848199999999999734e-04 5.560000000000000130e-06
1.420000000000000000e+02 2.866699999999999912e-04 5.599999999999999747e-06
1.430000000000000000e+02 2.883699999999999783e-04 5.630000000000000306e-06
1.440000000000000000e+02 2.916600000000000095e-04 5.699999999999999636e-06
1.450000000000000000e+02 2.969800000000000196e-04 5.800000000000000373e-06
1.460000000000000000e+02 3.015800000000000230e-04 5.890000000000000358e-06
1.470000000000000000e+02 3.051400000000000228e-04 5.959999999999999688e-06
1.480000000000000000e+02 3.082499999999999845e-04 6.010000000000000056e-06
1.490000000000000000e+02 3.131799999999999797e-04 6.080000000000000233e-06
1.500000000000000000e+02 3.185099999999999845e-04 6.170000000000000218e-06
1.510000000000000000e+02 3.234900000000000080e-04 6.250000000000000300e-06
1.520000000000000000e+02 3.271300000000000206e-04 6.309999999999999725e-06
1.530000000000000000e+02 3.304800000000000207e-04 6.360000000000000093e-06
1.540000000000000000e+02 3.368099999999999957e-04 6.469999999999999887e-06
1.550000000000000000e+02 3.436800000000000163e-04 6.600000000000000337e-06
1.560000000000000000e+02 3.498600000000000147e-04 6.720000000000000035e-06
1.570000000000000000e+02 3.556400000000000034e-04 6.829999999999999829e-06
1.580000000000000000e+02 3.605600000000000038e-04 6.929999999999999718e-06
1.590000000000000000e+02 3.642499999999999905e-04 6.999999999999999895e-06
1.600000000000000000e+02 3.697300000000000261e-04 7.109999999999999689e-06
1.610000000000000000e+02 3.775200000000000040e-04 7.259999999999999947e-06
1.620000000000000000e+02 3.849600000000000005e-04 7.400000000000000300e-06
1.630000000000000000e+02 3.924900000000000047e-04 7.549999999999999711e-06
1.640000000000000000e+02 4.015199999999999911e-04 7.720000000000000625e-06
1.650000000000000000e+02 4.113300000000000073e-04 7.910000000000000500e-06
1.660000000000000000e+02 4.193199999999999900e-04 8.090000000000000470e-06
1.670000000000000000e+02 4.273500000000000063e-04 8.300000000000000154e-06
1.680000000000000000e+02 4.354200000000000019e-04 8.480000000000000124e-06
1.690000000000000000e+02 4.435299999999999768e-04 8.689999999999999808e-06
1.700000000000000000e+02 4.516899999999999800e-04 8.889999999999999587e-06
1.710000000000000000e+02 4.598900000000000167e-04 9.000000000000000228e-06
1.720000000000000000e+02 4.681399999999999732e-04 9.330000000000000457e-06
1.730000000000000000e+02 4.764200000000000227e-04 9.389999999999999882e-06
1.740000000000000000e+02 4.847499999999999921e-04 9.330000000000000457e-06
1.750000000000000000e+02 4.926299999999999776e-04 9.480000000000000715e-06
1.760000000000000000e+02 5.144700000000000531e-04 9.900000000000000081e-06
1.770000000000000000e+02 5.439699999999999570e-04 1.046999999999999971e-05
1.780000000000000000e+02 5.512299999999999926e-04 1.061000000000000006e-05
1.790000000000000000e+02 4.463199999999999958e-04 8.590000000000000765e-06
1.800000000000000000e+02 5.777799999999999603e-04 1.112000000000000026e-05
1.810000000000000000e+02 2.151590000000000100e-03 4.143000000000000144e-05
1.820000000000000000e+02 1.022459999999999992e-03 1.968999999999999952e-05
1.830000000000000000e+02 6.765299999999999482e-04 1.303000000000000061e-05
1.840000000000000000e+02 6.771200000000000222e-04 1.304000000000000051e-05
1.850000000000000000e+02 6.748799999999999895e-04 1.299999999999999920e-05
1.860000000000000000e+02 6.743199999999999542e-04 1.298999999999999930e-05
1.870000000000000000e+02 6.717199999999999994e-04 1.293999999999999977e-05
1.880000000000000000e+02 6.582299999999999913e-04 1.269000000000000047e-05
1.890000000000000000e+02 6.495799999999999708e-04 1.252000000000000041e-05
1.900000000000000000e+02 6.591499999999999486e-04 1.271000000000000028e-05
1.910000000000000000e+02 6.826000000000000036e-04 1.315999999999999936e-05
1.920000000000000000e+02 7.079900000000000299e-04 1.364999999999999975e-05
1.930000000000000000e+02 7.352199999999999708e-04 1.417999999999999976e-05
1.940000000000000000e+02 7.607300000000000433e-04 1.467000000000000015e-05
1.950000000000000000e+02 7.844800000000000514e-04 1.513000000000000083e-05
1.960000000000000000e+02 8.032999999999999559e-04 1.548999999999999908e-05
1.970000000000000000e+02 8.207600000000000225e-04 1.582999999999999921e-05
1.980000000000000000e+02 8.448999999999999913e-04 1.629999999999999979e-05
1.990000000000000000e+02 8.734500000000000076e-04 1.684999999999999961e-05
2.000000000000000000e+02 8.986299999999999800e-04 1.734000000000000000e-05
2.010000000000000000e+02 9.253500000000000223e-04 1.787000000000000001e-05
2.020000000000000000e+02 9.444800000000000374e-04 1.828000000000000116e-05
2.030000000000000000e+02 9.611799999999999554e-04 1.864999999999999931e-05
2.040000000000000000e+02 9.939000000000000352e-04 1.932999999999999958e-05
2.050000000000000000e+02 1.016779999999999897e-03 1.983000000000000157e-05
2.060000000000000000e+02 1.030410000000000050e-03 2.016000000000000010e-05
2.070000000000000000e+02 1.045570000000000006e-03 2.052000000000000005e-05
2.080000000000000000e+02 1.056429999999999913e-03 2.080000000000000075e-05
2.090000000000000000e+02 1.077529999999999938e-03 2.129000000000000114e-05
2.100000000000000000e+02 1.104530000000000052e-03 2.190999999999999860e-05
2.110000000000000000e+02 1.115759999999999929e-03 2.220999999999999911e-05
2.120000000000000000e+02 1.110660000000000076e-03 2.220000000000000090e-05
2.130000000000000000e+02 1.122340000000000100e-03 2.252999999999999944e-05
2.140000000000000000e+02 1.142819999999999904e-03 2.303999999999999964e-05
2.150000000000000000e+02 1.153919999999999902e-03 2.328000000000000073e-05
2.160000000000000000e+02 1.144070000000000070e-03 2.307999999999999925e-05
2.170000000000000000e+02 1.142870000000000040e-03 2.305999999999999944e-05
2.180000000000000000e+02 1.156329999999999901e-03 2.332999999999999855e-05
2.190000000000000000e+02 1.153340000000000094e-03 2.326000000000000092e-05
2.200000000000000000e+02 1.145530000000000072e-03 2.309999999999999906e-05
2.210000000000000000e+02 1.132009999999999917e-03 2.282999999999999995e-05
2.220000000000000000e+02 1.133499999999999959e-03 2.286000000000000136e-05
2.230000000000000000e+02 1.136599999999999980e-03 2.292000000000000078e-05
2.240000000000000000e+02 1.129449999999999942e-03 2.277000000000000053e-05
2.250000000000000000e+02 1.115150000000000082e-03 2.248000000000000161e-05
2.260000000000000000e+02 1.112560000000000068e-03 2.241999999999999879e-05
2.270000000000000000e+02 1.114380000000000101e-03 2.245999999999999841e-05
2.280000000000000000e+02 1.097349999999999975e-03 2.211000000000000007e-05
2.290000000000000000e+02 1.080299999999999967e-03 2.176999999999999994e-05
2.300000000000000000e+02 1.067870000000000060e-03 2.150999999999999904e-05
2.310000000000000000e+02 1.052070000000000002e-03 2.118999999999999871e-05
2.320000000000000000e+02 1.043319999999999925e-03 2.101000000000000044e-05
2.330000000000000000e+02 1.045520000000000086e-03 2.105000000000000005e-05
2.340000000000000000e+02 1.037469999999999972e-03 2.089000000000000159e-05
2.350000000000000000e+02 1.020929999999999971e-03 2.055000000000000145e-05
2.360000000000000000e+02 1.021790000000000068e-03 2.055000000000000145e-05
2.370000000000000000e+02 1.021580000000000014e-03 2.055000000000000145e-05
2.380000000000000000e+02 1.010309999999999941e-03 2.031999999999999857e-05
2.390000000000000000e+02 1.007740000000000025e-03 2.025999999999999915e-05
2.400000000000000000e+02 1.005910000000000051e-03 2.021999999999999953e-05
2.410000000000000000e+02 9.934799999999999274e-04 1.997000000000000023e-05
2.420000000000000000e+02 9.890400000000000580e-04 1.987999999999999940e-05
2.430000000000000000e+02 9.824099999999999673e-04 1.974999999999999895e-05
2.440000000000000000e+02 9.702400000000000347e-04 1.949999999999999965e-05
2.450000000000000000e+02 9.692999999999999793e-04 1.947999999999999984e-05
2.460000000000000000e+02 9.589000000000000518e-04 1.927000000000000016e-05
2.470000000000000000e+02 9.478099999999999936e-04 1.904000000000000066e-05
2.480000000000000000e+02 9.458000000000000044e-04 1.900000000000000105e-05
2.490000000000000000e+02 9.468299999999999590e-04 1.902000000000000085e-05
2.500000000000000000e+02 9.446399999999999545e-04 1.898000000000000124e-05
2.510000000000000000e+02 9.348600000000000312e-04 1.877999999999999976e-05
2.520000000000000000e+02 9.315400000000000156e-04 1.870999999999999874e-05
2.530000000000000000e+02 9.305200000000000016e-04 1.868999999999999893e-05
2.540000000000000000e+02 9.390499999999999759e-04 1.885999999999999900e-05
2.550000000000000000e+02 9.496300000000000270e-04 1.906999999999999868e-05
2.560000000000000000e+02 9.652999999999999905e-04 1.938000000000000080e-05
2.570000000000000000e+02 9.754800000000000320e-04 1.959000000000000048e-05
2.580000000000000000e+02 9.902900000000000071e-04 1.987999999999999940e-05
2.590000000000000000e+02 1.013360000000000042e-03 2.033999999999999838e-05
2.600000000000000000e+02 1.059470000000000073e-03 2.127000000000000134e-05
2.610000000000000000e+02 1.122230000000000102e-03 2.252999999999999944e-05
2.620000000000000000e+02 1.174219999999999908e-03 2.354000000000000162e-05
2.630000000000000000e+02 1.211540000000000099e-03 2.426000000000000151e-05
2.640000000000000000e+02 1.194670000000000107e-03 2.388999999999999997e-05
2.650000000000000000e+02 1.503269999999999910e-03 3.002000000000000057e-05
2.660000000000000000e+02 1.910760000000000063e-03 3.810999999999999934e-05
2.670000000000000000e+02 1.475229999999999901e-03 2.939000000000000152e-05
2.680000000000000000e+02 1.414230000000000044e-03 2.822999999999999907e-05
2.690000000000000000e+02 1.418020000000000088e-03 2.839999999999999914e-05
2.700000000000000000e+02 1.422639999999999972e-03 2.858999999999999901e-05
2.710000000000000000e+02 1.419789999999999984e-03 2.864000000000000023e-05
2.720000000000000000e+02 1.385210000000000000e-03 2.803999999999999920e-05
2.730000000000000000e+02 1.325620000000000010e-03 2.693999999999999956e-05
2.740000000000000000e+02 1.301499999999999923e-03 2.655000000000000160e-05
2.750000000000000000e+02 1.316389999999999965e-03 2.691000000000000155e-05
2.760000000000000000e+02 1.328739999999999912e-03 2.716000000000000085e-05
2.770000000000000000e+02 1.341420000000000069e-03 2.741999999999999836e-05
2.780000000000000000e+02 1.349919999999999896e-03 2.760000000000000002e-05
2.790000000000000000e+02 1.347569999999999974e-03 2.754999999999999881e-05
2.800000000000000000e+02 1.341689999999999983e-03 2.742999999999999996e-05
2.810000000000000000e+02 1.339439999999999902e-03 2.737999999999999874e-05
2.820000000000000000e+02 1.349860000000000036e-03 2.760000000000000002e-05
2.830000000000000000e+02 1.369970000000000085e-03 2.801000000000000118e-05
2.840000000000000000e+02 1.391300000000000045e-03 2.845000000000000035e-05
2.850000000000000000e+02 1.423919999999999960e-03 2.911999999999999902e-05
2.860000000000000000e+02 1.469959999999999973e-03 3.006000000000000019e-05
2.870000000000000000e+02 1.525419999999999988e-03 3.119999999999999944e-05
2.880000000000000000e+02 1.577290000000000072e-03 3.227000000000000105e-05
2.890000000000000000e+02 1.615780000000000037e-03 3.329000000000000145e-05
2.900000000000000000e+02 1.646729999999999895e-03 3.416999999999999980e-05
2.910000000000000000e+02 1.685400000000000093e-03 3.522999999999999981e-05
2.920000000000000000e+02 1.706639999999999937e-03 3.594999999999999970e-05
2.930000000000000000e+02 1.725689999999999993e-03 3.662999999999999996e-05
2.940000000000000000e+02 1.754909999999999934e-03 3.755999999999999953e-05
2.950000000000000000e+02 1.787359999999999990e-03 3.847999999999999750e-05
2.960000000000000000e+02 1.816389999999999975e-03 3.911999999999999815e-05
2.970000000000000000e+02 1.857050000000000064e-03 4.001999999999999969e-05
2.980000000000000000e+02 1.921610000000000028e-03 4.144000000000000304e-05
2.990000000000000000e+02 2.020130000000000189e-03 4.360999999999999751e-05
3.000000000000000000e+02 2.109660000000000181e-03 4.560999999999999869e-05
3.010000000000000000e+02 2.076409999999999888e-03 4.499000000000000124e-05
3.020000000000000000e+02 1.988820000000000084e-03 4.326000000000000255e-05
3.030000000000000000e+02 1.955029999999999962e-03 4.287000000000000120e-05
3.040000000000000000e+02 1.934750000000000055e-03 4.310999999999999891e-05
3.050000000000000000e+02 2.810979999999999816e-03 6.656999999999999452e-05
3.060000000000000000e+02 1.306806999999999934e-02 3.266200000000000136e-04
3.070000000000000000e+02 1.848305999999999907e-02 5.023500000000000404e-04
3.080000000000000000e+02 1.666020000000000001e-02 5.690499999999999812e-04
3.090000000000000000e+02 1.432568000000000036e-02 8.969800000000000212e-04
3.100000000000000000e+02 -2.939479999999999957e-03 9.480699999999999674e-04
3.110000000000000000e+02 -3.089686000000000168e-02 1.501319999999999998e-03
3.120000000000000000e+02 -3.956284000000000189e-02 1.289800000000000018e-03
3.130000000000000000e+02 -1.092746899999999938e-01 3.098130000000000155e-03
3.140000000000000000e+02 -6.554260000000000641e-02 1.764630000000000105e-03
3.150000000000000000e+02 -1.825660100000000008e-01 4.837349999999999810e-03
3.160000000000000000e+02 -1.637641200000000130e-01 4.341349999999999897e-03
3.170000000000000000e+02 -3.785987499999999839e-01 1.012633999999999930e-02
3.180000000000000000e+02 -3.867453800000000275e-01 1.048492000000000000e-02
3.190000000000000000e+02 -6.156783700000000303e-01 1.696336999999999845e-02
3.200000000000000000e+02 -7.878478399999999660e-01 2.209544000000000091e-02
3.210000000000000000e+02 -9.379970600000000491e-01 2.680238999999999885e-02
3.220000000000000000e+02 -6.412860900000000308e-01 1.867999999999999869e-02
3.230000000000000000e+02 -1.465313099999999924e+00 4.352534999999999737e-02
3.240000000000000000e+02 -1.684962810000000033e+00 5.104476000000000152e-02
3.250000000000000000e+02 -2.435033419999999893e+00 7.523649999999999782e-02
3.260000000000000000e+02 -2.791129859999999852e+00 8.795221000000000289e-02
3.270000000000000000e+02 -3.797681789999999946e+00 1.220350999999999936e-01
