0.00000000 0.74586718 0.06991168
1.00000000 0.73848826 0.06739100
2.00000000 0.55423302 0.04920701
3.00000000 0.49936523 0.04310441
4.00000000 0.55125538 0.04622781
5.00000000 0.54925574 0.04471315
6.00000000 0.67430298 0.05324430
7.00000000 0.54796286 0.04193309
8.00000000 0.43295168 0.03208083
9.00000000 0.61439912 0.04404041
10.00000000 0.40624414 0.02814216
11.00000000 0.26753822 0.01789290
12.00000000 0.18523719 0.01194765
13.00000000 0.13264759 0.00824189
14.00000000 0.05127259 0.00306535
15.00000000 0.01232440 0.00070811
16.00000000 0.00120814 0.00006663
17.00000000 0.00032059 0.00001695
18.00000000 0.00025695 0.00001300
19.00000000 0.00024450 0.00001183
20.00000000 0.00023352 0.00001079
21.00000000 0.00022589 0.00000995
22.00000000 0.00021979 0.00000922
23.00000000 0.00021547 0.00000860
24.00000000 0.00021107 0.00000800
25.00000000 0.00020764 0.00000748
26.00000000 0.00020459 0.00000700
27.00000000 0.00020181 0.00000656
28.00000000 0.00020004 0.00000618
29.00000000 0.00019832 0.00000584
30.00000000 0.00019745 0.00000555
31.00000000 0.00019637 0.00000530
32.00000000 0.00019512 0.00000509
33.00000000 0.00019376 0.00000493
34.00000000 0.00019270 0.00000489
35.00000000 0.00019228 0.00000487
36.00000000 0.00019202 0.00000485
37.00000000 0.00019223 0.00000485
38.00000000 0.00019218 0.00000483
39.00000000 0.00019172 0.00000481
40.00000000 0.00019110 0.00000479
41.00000000 0.00019131 0.00000479
42.00000000 0.00019149 0.00000478
43.00000000 0.00019204 0.00000478
44.00000000 0.00019234 0.00000478
45.00000000 0.00019253 0.00000478
46.00000000 0.00019196 0.00000476
47.00000000 0.00019154 0.00000474
48.00000000 0.00019117 0.00000473
49.00000000 0.00019134 0.00000473
50.00000000 0.00019152 0.00000474
51.00000000 0.00019166 0.00000474
52.00000000 0.00019189 0.00000475
53.00000000 0.00019163 0.00000474
54.00000000 0.00019134 0.00000456
55.00000000 0.00019133 0.00000438
56.00000000 0.00019154 0.00000422
57.00000000 0.00019161 0.00000407
58.00000000 0.00019110 0.00000394
59.00000000 0.00019057 0.00000382
60.00000000 0.00019004 0.00000373
61.00000000 0.00019015 0.00000373
62.00000000 0.00019031 0.00000373
63.00000000 0.00019102 0.00000375
64.00000000 0.00019199 0.00000377
65.00000000 0.00019319 0.00000379
66.00000000 0.00019381 0.00000380
67.00000000 0.00019436 0.00000381
68.00000000 0.00019501 0.00000383
69.00000000 0.00019530 0.00000383
70.00000000 0.00019527 0.00000383
71.00000000 0.00019482 0.00000382
72.00000000 0.00019469 0.00000382
73.00000000 0.00019507 0.00000383
74.00000000 0.00019543 0.00000383
75.00000000 0.00019591 0.00000384
76.00000000 0.00019607 0.00000385
77.00000000 0.00019609 0.00000385
78.00000000 0.00019622 0.00000385
79.00000000 0.00019642 0.00000385
80.00000000 0.00019683 0.00000386
81.00000000 0.00019761 0.00000387
82.00000000 0.00019855 0.00000389
83.00000000 0.00019912 0.00000390
84.00000000 0.00019895 0.00000390
85.00000000 0.00019849 0.00000389
86.00000000 0.00019914 0.00000390
87.00000000 0.00020105 0.00000393
88.00000000 0.00020209 0.00000395
89.00000000 0.00020306 0.00000396
90.00000000 0.00020363 0.00000398
91.00000000 0.00020373 0.00000398
92.00000000 0.00020448 0.00000399
93.00000000 0.00020488 0.00000400
94.00000000 0.00020545 0.00000403
95.00000000 0.00020606 0.00000407
96.00000000 0.00020671 0.00000412
97.00000000 0.00020739 0.00000421
98.00000000 0.00020811 0.00000423
99.00000000 0.00020887 0.00000427
100.00000000 0.00020967 0.00000428
101.00000000 0.00021050 0.00000420
102.00000000 0.00021137 0.00000421
103.00000000 0.00021228 0.00000434
104.00000000 0.00021322 0.00000452
105.00000000 0.00021421 0.00000436
106.00000000 0.00021523 0.00000440
107.00000000 0.00021628 0.00000445
108.00000000 0.00021738 0.00000453
109.00000000 0.00021851 0.00000450
110.00000000 0.00021968 0.00000446
111.00000000 0.00022088 0.00000442
112.00000000 0.00022213 0.00000437
113.00000000 0.00022341 0.00000437
114.00000000 0.00022459 0.00000439
115.00000000 0.00022621 0.00000442
116.00000000 0.00022724 0.00000444
117.00000000 0.00022781 0.00000445
118.00000000 0.00022894 0.00000447
119.00000000 0.00023102 0.00000451
120.00000000 0.00023311 0.00000455
121.00000000 0.00023478 0.00000458
122.00000000 0.00023634 0.00000461
123.00000000 0.00023877 0.00000466
124.00000000 0.00024145 0.00000471
125.00000000 0.00024397 0.00000476
126.00000000 0.00024547 0.00000479
127.00000000 0.00024688 0.00000482
128.00000000 0.00024824 0.00000485
129.00000000 0.00024980 0.00000488
130.00000000 0.00025189 0.00000492
131.00000000 0.00025444 0.00000497
132.00000000 0.00025724 0.00000502
133.00000000 0.00025936 0.00000506
134.00000000 0.00026124 0.00000510
135.00000000 0.00026365 0.00000515
136.00000000 0.00026669 0.00000521
137.00000000 0.00026945 0.00000526
138.00000000 0.00027213 0.00000531
139.00000000 0.00027626 0.00000539
140.00000000 0.00028094 0.00000549
141.00000000 0.00028482 0.00000556
142.00000000 0.00028667 0.00000560
143.00000000 0.00028837 0.00000563
144.00000000 0.00029166 0.00000570
145.00000000 0.00029698 0.00000580
146.00000000 0.00030158 0.00000589
147.00000000 0.00030514 0.00000596
148.00000000 0.00030825 0.00000601
149.00000000 0.00031318 0.00000608
150.00000000 0.00031851 0.00000617
151.00000000 0.00032349 0.00000625
152.00000000 0.00032713 0.00000631
153.00000000 0.00033048 0.00000636
154.00000000 0.00033681 0.00000647
155.00000000 0.00034368 0.00000660
156.00000000 0.00034986 0.00000672
157.00000000 0.00035564 0.00000683
158.00000000 0.00036056 0.00000693
159.00000000 0.00036425 0.00000700
160.00000000 0.00036973 0.00000711
161.00000000 0.00037752 0.00000726
162.00000000 0.00038496 0.00000740
163.00000000 0.00039249 0.00000755
164.00000000 0.00040152 0.00000772
165.00000000 0.00041133 0.00000791
166.00000000 0.00041932 0.00000809
167.00000000 0.00042735 0.00000830
168.00000000 0.00043542 0.00000848
169.00000000 0.00044353 0.00000869
170.00000000 0.00045169 0.00000889
171.00000000 0.00045989 0.00000900
172.00000000 0.00046814 0.00000933
173.00000000 0.00047642 0.00000939
174.00000000 0.00048475 0.00000933
175.00000000 0.00049263 0.00000948
176.00000000 0.00051447 0.00000990
177.00000000 0.00054397 0.00001047
178.00000000 0.00055123 0.00001061
179.00000000 0.00044632 0.00000859
180.00000000 0.00057778 0.00001112
181.00000000 0.00215159 0.00004143
182.00000000 0.00102246 0.00001969
183.00000000 0.00067653 0.00001303
184.00000000 0.00067712 0.00001304
185.00000000 0.00067488 0.00001300
186.00000000 0.00067432 0.00001299
187.00000000 0.00067172 0.00001294
188.00000000 0.00065823 0.00001269
189.00000000 0.00064958 0.00001252
190.00000000 0.00065915 0.00001271
191.00000000 0.00068260 0.00001316
192.00000000 0.00070799 0.00001365
193.00000000 0.00073522 0.00001418
194.00000000 0.00076073 0.00001467
195.00000000 0.00078448 0.00001513
196.00000000 0.00080330 0.00001549
197.00000000 0.00082076 0.00001583
198.00000000 0.00084490 0.00001630
199.00000000 0.00087345 0.00001685
200.00000000 0.00089863 0.00001734
201.00000000 0.00092535 0.00001787
202.00000000 0.00094448 0.00001828
203.00000000 0.00096118 0.00001865
204.00000000 0.00099390 0.00001933
205.00000000 0.00101678 0.00001983
206.00000000 0.00103041 0.00002016
207.00000000 0.00104557 0.00002052
208.00000000 0.00105643 0.00002080
209.00000000 0.00107753 0.00002129
210.00000000 0.00110453 0.00002191
211.00000000 0.00111576 0.00002221
212.00000000 0.00111066 0.00002220
213.00000000 0.00112234 0.00002253
214.00000000 0.00114282 0.00002304
215.00000000 0.00115392 0.00002328
216.00000000 0.00114407 0.00002308
217.00000000 0.00114287 0.00002306
218.00000000 0.00115633 0.00002333
219.00000000 0.00115334 0.00002326
220.00000000 0.00114553 0.00002310
221.00000000 0.00113201 0.00002283
222.00000000 0.00113350 0.00002286
223.00000000 0.00113660 0.00002292
224.00000000 0.00112945 0.00002277
225.00000000 0.00111515 0.00002248
226.00000000 0.00111256 0.00002242
227.00000000 0.00111438 0.00002246
228.00000000 0.00109735 0.00002211
229.00000000 0.00108030 0.00002177
230.00000000 0.00106787 0.00002151
231.00000000 0.00105207 0.00002119
232.00000000 0.00104332 0.00002101
233.00000000 0.00104552 0.00002105
234.00000000 0.00103747 0.00002089
235.00000000 0.00102093 0.00002055
236.00000000 0.00102179 0.00002055
237.00000000 0.00102158 0.00002055
238.00000000 0.00101031 0.00002032
239.00000000 0.00100774 0.00002026
240.00000000 0.00100591 0.00002022
241.00000000 0.00099348 0.00001997
242.00000000 0.00098904 0.00001988
243.00000000 0.00098241 0.00001975
244.00000000 0.00097024 0.00001950
245.00000000 0.00096930 0.00001948
246.00000000 0.00095890 0.00001927
247.00000000 0.00094781 0.00001904
248.00000000 0.00094580 0.00001900
249.00000000 0.00094683 0.00001902
250.00000000 0.00094464 0.00001898
251.00000000 0.00093486 0.00001878
252.00000000 0.00093154 0.00001871
253.00000000 0.00093052 0.00001869
254.00000000 0.00093905 0.00001886
255.00000000 0.00094963 0.00001907
256.00000000 0.00096530 0.00001938
257.00000000 0.00097548 0.00001959
258.00000000 0.00099029 0.00001988
259.00000000 0.00101336 0.00002034
260.00000000 0.00105947 0.00002127
261.00000000 0.00112223 0.00002253
262.00000000 0.00117422 0.00002354
263.00000000 0.00121154 0.00002426
264.00000000 0.00119467 0.00002389
265.00000000 0.00150327 0.00003002
266.00000000 0.00191076 0.00003811
267.00000000 0.00147523 0.00002939
268.00000000 0.00141423 0.00002823
269.00000000 0.00141802 0.00002840
270.00000000 0.00142264 0.00002859
271.00000000 0.00141979 0.00002864
272.00000000 0.00138521 0.00002804
273.00000000 0.00132562 0.00002694
274.00000000 0.00130150 0.00002655
275.00000000 0.00131639 0.00002691
276.00000000 0.00132874 0.00002716
277.00000000 0.00134142 0.00002742
278.00000000 0.00134992 0.00002760
279.00000000 0.00134757 0.00002755
280.00000000 0.00134169 0.00002743
281.00000000 0.00133944 0.00002738
282.00000000 0.00134986 0.00002760
283.00000000 0.00136997 0.00002801
284.00000000 0.00139130 0.00002845
285.00000000 0.00142392 0.00002912
286.00000000 0.00146996 0.00003006
287.00000000 0.00152542 0.00003120
288.00000000 0.00157729 0.00003227
289.00000000 0.00161578 0.00003329
290.00000000 0.00164673 0.00003417
291.00000000 0.00168540 0.00003523
292.00000000 0.00170664 0.00003595
293.00000000 0.00172569 0.00003663
294.00000000 0.00175491 0.00003756
295.00000000 0.00178736 0.00003848
296.00000000 0.00181639 0.00003912
297.00000000 0.00185705 0.00004002
298.00000000 0.00192161 0.00004144
299.00000000 0.00202013 0.00004361
300.00000000 0.00210966 0.00004561
301.00000000 0.00207641 0.00004499
302.00000000 0.00198882 0.00004326
303.00000000 0.00195503 0.00004287
304.00000000 0.00193475 0.00004311
305.00000000 0.00281098 0.00006657
306.00000000 0.01306807 0.00032662
307.00000000 0.01848306 0.00050235
308.00000000 0.01666020 0.00056905
309.00000000 0.01432568 0.00089698
310.00000000 -0.00293948 0.00094807
311.00000000 -0.03089686 0.00150132
312.00000000 -0.03956284 0.00128980
313.00000000 -0.10927469 0.00309813
314.00000000 -0.06554260 0.00176463
315.00000000 -0.18256601 0.00483735
316.00000000 -0.16376412 0.00434135
317.00000000 -0.37859875 0.01012634
318.00000000 -0.38674538 0.01048492
319.00000000 -0.61567837 0.01696337
320.00000000 -0.78784784 0.02209544
321.00000000 -0.93799706 0.02680239
322.00000000 -0.64128609 0.01868000
323.00000000 -1.46531310 0.04352535
324.00000000 -1.68496281 0.05104476
325.00000000 -2.43503342 0.07523650
326.00000000 -2.79112986 0.08795221
327.00000000 -3.79768179 0.12203510
