0.00000000 0.67479773 0.06325019
1.00000000 0.66812191 0.06096970
2.00000000 0.67538392 0.05996327
3.00000000 1.08168961 0.09336972
4.00000000 0.56528242 0.04740411
5.00000000 0.45473308 0.03701837
6.00000000 0.55118556 0.04352271
7.00000000 0.29303717 0.02242480
8.00000000 0.60204757 0.04461049
9.00000000 0.47464392 0.03402270
10.00000000 0.47084598 0.03261739
11.00000000 0.18265530 0.01221595
12.00000000 0.10286141 0.00663448
13.00000000 0.06951837 0.00431944
14.00000000 0.02816713 0.00168398
15.00000000 0.00662861 0.00038085
16.00000000 0.00061510 0.00003392
17.00000000 0.00016068 0.00000849
18.00000000 0.00012847 0.00000650
19.00000000 0.00009929 0.00000592
20.00000000 0.00010349 0.00000540
21.00000000 0.00011534 0.00000498
22.00000000 0.00011443 0.00000461
23.00000000 0.00010767 0.00000430
24.00000000 0.00010801 0.00000400
25.00000000 0.00011094 0.00000374
26.00000000 0.00010730 0.00000350
27.00000000 0.00010845 0.00000328
28.00000000 0.00010368 0.00000309
29.00000000 0.00010544 0.00000292
30.00000000 0.00010847 0.00000278
31.00000000 0.00010654 0.00000265
32.00000000 0.00010222 0.00000255
33.00000000 0.00010084 0.00000246
34.00000000 0.00010220 0.00000244
35.00000000 0.00010159 0.00000243
36.00000000 0.00009860 0.00000243
37.00000000 0.00009825 0.00000242
38.00000000 0.00009816 0.00000242
39.00000000 0.00009811 0.00000241
40.00000000 0.00009737 0.00000239
41.00000000 0.00009685 0.00000239
42.00000000 0.00009661 0.00000239
43.00000000 0.00009722 0.00000239
44.00000000 0.00009637 0.00000239
45.00000000 0.00009561 0.00000239
46.00000000 0.00009525 0.00000238
47.00000000 0.00009541 0.00000237
48.00000000 0.00009492 0.00000237
49.00000000 0.00009518 0.00000237
50.00000000 0.00009481 0.00000237
51.00000000 0.00009548 0.00000237
52.00000000 0.00009479 0.00000237
53.00000000 0.00009465 0.00000237
54.00000000 0.00009441 0.00000228
55.00000000 0.00009408 0.00000219
56.00000000 0.00009444 0.00000211
57.00000000 0.00009453 0.00000203
58.00000000 0.00009450 0.00000196
59.00000000 0.00009450 0.00000190
60.00000000 0.00009386 0.00000186
61.00000000 0.00009463 0.00000186
62.00000000 0.00009485 0.00000186
63.00000000 0.00009472 0.00000187
64.00000000 0.00009498 0.00000188
65.00000000 0.00009596 0.00000189
66.00000000 0.00009657 0.00000190
67.00000000 0.00009694 0.00000190
68.00000000 0.00009685 0.00000191
69.00000000 0.00009693 0.00000191
70.00000000 0.00009729 0.00000191
71.00000000 0.00009713 0.00000191
72.00000000 0.00009702 0.00000190
73.00000000 0.00009721 0.00000191
74.00000000 0.00009740 0.00000191
75.00000000 0.00009761 0.00000191
76.00000000 0.00009769 0.00000192
77.00000000 0.00009772 0.00000192
78.00000000 0.00009779 0.00000192
79.00000000 0.00009789 0.00000192
80.00000000 0.00009807 0.00000192
81.00000000 0.00009850 0.00000193
82.00000000 0.00009896 0.00000194
83.00000000 0.00009926 0.00000195
84.00000000 0.00009914 0.00000194
85.00000000 0.00009893 0.00000194
86.00000000 0.00009923 0.00000194
87.00000000 0.00010020 0.00000196
88.00000000 0.00010708 0.00000197
89.00000000 0.00010805 0.00000198
90.00000000 0.00010823 0.00000198
91.00000000 0.00010228 0.00000198
92.00000000 0.00010514 0.00000199
93.00000000 0.00010927 0.00000200
94.00000000 0.00010816 0.00000201
95.00000000 0.00010354 0.00000203
96.00000000 0.00008204 0.00000206
97.00000000 0.00005544 0.00000211
98.00000000 0.00004041 0.00000212
99.00000000 0.00003162 0.00000214
100.00000000 0.00002472 0.00000215
101.00000000 0.00002646 0.00000210
102.00000000 0.00003317 0.00000211
103.00000000 0.00002232 0.00000218
104.00000000 0.00002240 0.00000228
105.00000000 0.00002754 0.00000218
106.00000000 0.00002743 0.00000221
107.00000000 0.00002842 0.00000223
108.00000000 0.00002814 0.00000227
109.00000000 0.00004400 0.00000226
110.00000000 0.00009600 0.00000223
111.00000000 0.00010031 0.00000221
112.00000000 0.00011268 0.00000218
113.00000000 0.00011422 0.00000218
114.00000000 0.00011115 0.00000219
115.00000000 0.00011248 0.00000220
116.00000000 0.00011390 0.00000221
117.00000000 0.00011466 0.00000222
118.00000000 0.00011309 0.00000223
119.00000000 0.00011348 0.00000225
120.00000000 0.00011405 0.00000227
121.00000000 0.00011430 0.00000229
122.00000000 0.00011356 0.00000230
123.00000000 0.00011664 0.00000232
124.00000000 0.00011749 0.00000235
125.00000000 0.00011861 0.00000237
126.00000000 0.00011960 0.00000239
127.00000000 0.00012051 0.00000240
128.00000000 0.00012065 0.00000242
129.00000000 0.00012089 0.00000243
130.00000000 0.00012200 0.00000245
131.00000000 0.00012434 0.00000248
132.00000000 0.00012536 0.00000250
133.00000000 0.00012751 0.00000253
134.00000000 0.00012835 0.00000254
135.00000000 0.00012879 0.00000257
136.00000000 0.00013069 0.00000260
137.00000000 0.00013245 0.00000262
138.00000000 0.00013487 0.00000265
139.00000000 0.00013209 0.00000269
140.00000000 0.00013636 0.00000273
141.00000000 0.00014151 0.00000277
142.00000000 0.00014168 0.00000279
143.00000000 0.00014317 0.00000281
144.00000000 0.00014259 0.00000284
145.00000000 0.00014567 0.00000289
146.00000000 0.00014701 0.00000294
147.00000000 0.00014851 0.00000297
148.00000000 0.00014865 0.00000299
149.00000000 0.00015205 0.00000303
150.00000000 0.00015593 0.00000308
151.00000000 0.00015973 0.00000312
152.00000000 0.00016173 0.00000314
153.00000000 0.00016754 0.00000317
154.00000000 0.00017064 0.00000322
155.00000000 0.00017609 0.00000329
156.00000000 0.00018144 0.00000335
157.00000000 0.00018380 0.00000341
158.00000000 0.00018420 0.00000345
159.00000000 0.00018043 0.00000349
160.00000000 0.00018597 0.00000354
161.00000000 0.00019587 0.00000362
162.00000000 0.00020563 0.00000369
163.00000000 0.00021317 0.00000376
164.00000000 0.00022465 0.00000385
165.00000000 0.00022894 0.00000395
166.00000000 0.00020895 0.00000404
167.00000000 0.00015094 0.00000415
168.00000000 0.00017246 0.00000425
169.00000000 0.00018397 0.00000436
170.00000000 0.00016794 0.00000446
171.00000000 0.00016756 0.00000451
172.00000000 0.00017556 0.00000468
173.00000000 0.00026881 0.00000471
174.00000000 0.00022525 0.00000466
175.00000000 0.00023227 0.00000473
176.00000000 0.00025089 0.00000494
177.00000000 0.00026681 0.00000522
178.00000000 0.00026597 0.00000529
179.00000000 0.00021022 0.00000429
180.00000000 0.00027307 0.00000553
181.00000000 0.00105580 0.00002055
182.00000000 0.00052098 0.00000982
183.00000000 0.00033316 0.00000650
184.00000000 0.00032037 0.00000651
185.00000000 0.00030861 0.00000649
186.00000000 0.00032150 0.00000648
187.00000000 0.00032681 0.00000645
188.00000000 0.00032370 0.00000632
189.00000000 0.00032023 0.00000624
190.00000000 0.00032494 0.00000633
191.00000000 0.00033657 0.00000656
192.00000000 0.00035081 0.00000681
193.00000000 0.00036623 0.00000707
194.00000000 0.00037905 0.00000732
195.00000000 0.00039111 0.00000755
196.00000000 0.00040342 0.00000773
197.00000000 0.00040975 0.00000791
198.00000000 0.00042553 0.00000814
199.00000000 0.00044507 0.00000842
200.00000000 0.00045938 0.00000867
201.00000000 0.00046803 0.00000894
202.00000000 0.00046941 0.00000914
203.00000000 0.00047522 0.00000933
204.00000000 0.00048819 0.00000967
205.00000000 0.00051173 0.00000992
206.00000000 0.00051533 0.00001008
207.00000000 0.00052816 0.00001026
208.00000000 0.00053324 0.00001040
209.00000000 0.00054160 0.00001064
210.00000000 0.00055379 0.00001095
211.00000000 0.00055411 0.00001111
212.00000000 0.00054508 0.00001110
213.00000000 0.00055131 0.00001126
214.00000000 0.00056381 0.00001152
215.00000000 0.00056989 0.00001164
216.00000000 0.00056501 0.00001154
217.00000000 0.00056179 0.00001153
218.00000000 0.00056788 0.00001166
219.00000000 0.00056735 0.00001164
220.00000000 0.00056479 0.00001155
221.00000000 0.00055445 0.00001141
222.00000000 0.00055945 0.00001143
223.00000000 0.00056605 0.00001146
224.00000000 0.00056463 0.00001138
225.00000000 0.00055999 0.00001124
226.00000000 0.00056737 0.00001122
227.00000000 0.00056603 0.00001123
228.00000000 0.00054090 0.00001105
229.00000000 0.00053188 0.00001088
230.00000000 0.00051387 0.00001076
231.00000000 0.00051854 0.00001060
232.00000000 0.00052540 0.00001051
233.00000000 0.00051352 0.00001053
234.00000000 0.00051308 0.00001044
235.00000000 0.00050163 0.00001027
236.00000000 0.00050133 0.00001027
237.00000000 0.00050259 0.00001027
238.00000000 0.00049885 0.00001015
239.00000000 0.00049216 0.00001013
240.00000000 0.00049658 0.00001011
241.00000000 0.00048753 0.00000998
242.00000000 0.00048653 0.00000993
243.00000000 0.00049077 0.00000987
244.00000000 0.00048416 0.00000974
245.00000000 0.00048363 0.00000973
246.00000000 0.00047581 0.00000962
247.00000000 0.00047494 0.00000952
248.00000000 0.00047349 0.00000949
249.00000000 0.00047159 0.00000950
250.00000000 0.00047103 0.00000947
251.00000000 0.00046585 0.00000938
252.00000000 0.00046534 0.00000935
253.00000000 0.00046479 0.00000933
254.00000000 0.00046902 0.00000942
255.00000000 0.00048272 0.00000953
256.00000000 0.00049129 0.00000968
257.00000000 0.00049663 0.00000979
258.00000000 0.00050207 0.00000993
259.00000000 0.00051145 0.00001016
260.00000000 0.00053227 0.00001062
261.00000000 0.00056287 0.00001125
262.00000000 0.00058249 0.00001176
263.00000000 0.00059581 0.00001212
264.00000000 0.00059665 0.00001193
265.00000000 0.00074356 0.00001493
266.00000000 0.00095287 0.00001898
267.00000000 0.00074714 0.00001470
268.00000000 0.00070564 0.00001410
269.00000000 0.00071144 0.00001419
270.00000000 0.00071422 0.00001428
271.00000000 0.00070792 0.00001430
272.00000000 0.00069327 0.00001399
273.00000000 0.00066674 0.00001345
274.00000000 0.00065868 0.00001326
275.00000000 0.00066709 0.00001344
276.00000000 0.00066401 0.00001357
277.00000000 0.00067256 0.00001369
278.00000000 0.00067715 0.00001378
279.00000000 0.00068165 0.00001376
280.00000000 0.00067738 0.00001371
281.00000000 0.00068321 0.00001369
282.00000000 0.00068436 0.00001378
283.00000000 0.00069072 0.00001401
284.00000000 0.00071324 0.00001423
285.00000000 0.00071349 0.00001459
286.00000000 0.00073769 0.00001509
287.00000000 0.00076606 0.00001567
288.00000000 0.00079288 0.00001622
289.00000000 0.00081360 0.00001676
290.00000000 0.00083186 0.00001726
291.00000000 0.00085086 0.00001779
292.00000000 0.00086210 0.00001816
293.00000000 0.00087292 0.00001853
294.00000000 0.00088908 0.00001903
295.00000000 0.00090472 0.00001948
296.00000000 0.00092289 0.00001988
297.00000000 0.00094475 0.00002036
298.00000000 0.00098053 0.00002115
299.00000000 0.00103005 0.00002223
300.00000000 0.00107764 0.00002330
301.00000000 0.00105980 0.00002296
302.00000000 0.00102146 0.00002222
303.00000000 0.00100285 0.00002199
304.00000000 0.00099375 0.00002214
305.00000000 0.00144399 0.00003420
306.00000000 0.00674254 0.00016852
307.00000000 0.00894267 0.00024305
308.00000000 0.00829311 0.00028326
309.00000000 0.01230819 0.00077066
310.00000000 -0.00427747 0.00137961
311.00000000 -0.02483686 0.00120686
312.00000000 -0.06003681 0.00195728
313.00000000 -0.09191568 0.00260597
314.00000000 -0.04038017 0.00108717
315.00000000 -0.09713337 0.00257369
316.00000000 -0.16333741 0.00433003
317.00000000 -0.25652068 0.00686113
318.00000000 -0.29353197 0.00795784
319.00000000 -0.37940966 0.01045362
320.00000000 -1.35756407 0.03807330
321.00000000 -0.51385195 0.01468284
322.00000000 -1.26322629 0.03679648
323.00000000 -1.22858623 0.03649367
324.00000000 -1.19868215 0.03631323
325.00000000 -2.11758407 0.06542811
326.00000000 -4.13429282 0.13027705
327.00000000 -23.68896608 0.76122367
