0.000000000000000000e+00 6.654478030005671618e-01 6.325018999999999780e-02
1.000000000000000000e+00 8.109184562894050652e-01 6.096970000000000167e-02
2.000000000000000000e+00 2.884927373578011212e-01 5.996326999999999907e-02
3.000000000000000000e+00 1.081689609999999968e+00 9.336972000000000327e-02
4.000000000000000000e+00 5.652824199999999522e-01 4.740410999999999930e-02
5.000000000000000000e+00 4.547330800000000117e-01 3.701837000000000183e-02
6.000000000000000000e+00 5.511855599999999633e-01 4.352270999999999918e-02
7.000000000000000000e+00 2.930371700000000135e-01 2.242480000000000168e-02
8.000000000000000000e+00 6.020475699999999764e-01 4.461049000000000264e-02
9.000000000000000000e+00 4.746439199999999969e-01 3.402270000000000294e-02
1.000000000000000000e+01 4.708459799999999973e-01 3.261739000000000305e-02
1.100000000000000000e+01 1.826552999999999927e-01 1.221594999999999973e-02
1.200000000000000000e+01 1.028614100000000003e-01 6.634479999999999891e-03
1.300000000000000000e+01 6.951836999999999600e-02 4.319439999999999912e-03
1.400000000000000000e+01 2.816712999999999856e-02 1.683980000000000069e-03
1.500000000000000000e+01 6.628610000000000058e-03 3.808500000000000145e-04
1.600000000000000000e+01 6.151000000000000434e-04 3.392000000000000050e-05
1.700000000000000000e+01 1.606800000000000134e-04 8.490000000000000029e-06
1.800000000000000000e+01 1.284699999999999948e-04 6.499999999999999600e-06
1.900000000000000000e+01 1.223599999999999872e-04 5.920000000000000071e-06
2.000000000000000000e+01 1.169400000000000018e-04 5.399999999999999967e-06
2.100000000000000000e+01 1.130600000000000051e-04 4.979999999999999753e-06
2.200000000000000000e+01 1.098900000000000067e-04 4.609999999999999908e-06
2.300000000000000000e+01 1.077500000000000034e-04 4.300000000000000335e-06
2.400000000000000000e+01 1.054500000000000017e-04 3.999999999999999819e-06
2.500000000000000000e+01 1.037500000000000011e-04 3.740000000000000191e-06
2.600000000000000000e+01 1.022199999999999937e-04 3.499999999999999947e-06
2.700000000000000000e+01 1.008200000000000003e-04 3.279999999999999936e-06
2.800000000000000000e+01 9.995000000000000358e-05 3.090000000000000061e-06
2.900000000000000000e+01 9.909000000000000165e-05 2.919999999999999995e-06
3.000000000000000000e+01 9.874000000000000669e-05 2.780000000000000065e-06
3.100000000000000000e+01 9.817000000000000368e-05 2.650000000000000039e-06
3.200000000000000000e+01 9.762999999999999868e-05 2.550000000000000149e-06
3.300000000000000000e+01 9.689999999999999720e-05 2.460000000000000164e-06
3.400000000000000000e+01 9.634999999999999739e-05 2.439999999999999932e-06
3.500000000000000000e+01 9.613999999999999770e-05 2.430000000000000028e-06
3.600000000000000000e+01 9.606999999999999329e-05 2.430000000000000028e-06
3.700000000000000000e+01 9.611999999999999451e-05 2.420000000000000123e-06
3.800000000000000000e+01 9.606999999999999329e-05 2.420000000000000123e-06
3.900000000000000000e+01 9.584999999999999879e-05 2.409999999999999796e-06
4.000000000000000000e+01 9.553999999999999667e-05 2.389999999999999987e-06
4.100000000000000000e+01 9.563999999999999910e-05 2.389999999999999987e-06
4.200000000000000000e+01 9.576000000000000473e-05 2.389999999999999987e-06
4.300000000000000000e+01 9.602000000000000563e-05 2.389999999999999987e-06
4.400000000000000000e+01 9.619999999999999374e-05 2.389999999999999987e-06
4.500000000000000000e+01 9.623000000000000531e-05 2.389999999999999987e-06
4.600000000000000000e+01 9.595000000000000122e-05 2.380000000000000083e-06
4.700000000000000000e+01 9.573000000000000671e-05 2.370000000000000179e-06
4.800000000000000000e+01 9.555999999999999987e-05 2.370000000000000179e-06
4.900000000000000000e+01 9.560000000000000626e-05 2.370000000000000179e-06
5.000000000000000000e+01 9.569000000000000032e-05 2.370000000000000179e-06
5.100000000000000000e+01 9.574999999999999636e-05 2.370000000000000179e-06
5.200000000000000000e+01 9.585999999999999361e-05 2.370000000000000179e-06
5.300000000000000000e+01 9.568000000000000550e-05 2.370000000000000179e-06
5.400000000000000000e+01 9.555000000000000505e-05 2.280000000000000193e-06
5.500000000000000000e+01 9.548999999999999546e-05 2.190000000000000208e-06
5.600000000000000000e+01 9.560000000000000626e-05 2.110000000000000127e-06
5.700000000000000000e+01 9.560000000000000626e-05 2.030000000000000046e-06
5.800000000000000000e+01 9.535000000000000019e-05 1.959999999999999869e-06
5.900000000000000000e+01 9.503999999999999807e-05 1.900000000000000020e-06
6.000000000000000000e+01 9.477000000000000235e-05 1.859999999999999979e-06
6.100000000000000000e+01 9.479000000000000555e-05 1.859999999999999979e-06
6.200000000000000000e+01 9.487999999999999960e-05 1.859999999999999979e-06
6.300000000000000000e+01 9.524999999999999775e-05 1.870000000000000095e-06
6.400000000000000000e+01 9.569999999999999514e-05 1.880000000000000000e-06
6.500000000000000000e+01 9.629000000000000135e-05 1.889999999999999904e-06
6.600000000000000000e+01 9.658999999999999509e-05 1.900000000000000020e-06
6.700000000000000000e+01 9.686999999999999918e-05 1.900000000000000020e-06
6.800000000000000000e+01 9.718999999999999612e-05 1.909999999999999924e-06
6.900000000000000000e+01 9.733999999999999977e-05 1.909999999999999924e-06
7.000000000000000000e+01 9.728999999999999855e-05 1.909999999999999924e-06
7.100000000000000000e+01 9.713000000000000008e-05 1.909999999999999924e-06
7.200000000000000000e+01 9.702000000000000283e-05 1.900000000000000020e-06
7.300000000000000000e+01 9.720999999999999932e-05 1.909999999999999924e-06
7.400000000000000000e+01 9.739999999999999580e-05 1.909999999999999924e-06
7.500000000000000000e+01 9.760999999999999549e-05 1.909999999999999924e-06
7.600000000000000000e+01 9.768999999999999472e-05 1.919999999999999828e-06
7.700000000000000000e+01 9.772000000000000629e-05 1.919999999999999828e-06
7.800000000000000000e+01 9.778999999999999715e-05 1.919999999999999828e-06
7.900000000000000000e+01 9.788999999999999958e-05 1.919999999999999828e-06
8.000000000000000000e+01 9.807000000000000125e-05 1.919999999999999828e-06
8.100000000000000000e+01 9.849999999999999544e-05 1.930000000000000156e-06
8.200000000000000000e+01 9.896000000000000120e-05 1.940000000000000060e-06
8.300000000000000000e+01 9.925999999999999494e-05 1.949999999999999965e-06
8.400000000000000000e+01 9.914000000000000286e-05 1.940000000000000060e-06
8.500000000000000000e+01 9.893000000000000318e-05 1.940000000000000060e-06
8.600000000000000000e+01 9.922999999999999692e-05 1.940000000000000060e-06
8.700000000000000000e+01 1.001999999999999961e-04 1.959999999999999869e-06
8.800000000000000000e+01 1.007199999999999979e-04 1.970000000000000197e-06
8.900000000000000000e+01 1.011800000000000037e-04 1.980000000000000101e-06
9.000000000000000000e+01 1.014900000000000058e-04 1.980000000000000101e-06
9.100000000000000000e+01 1.015599999999999966e-04 1.980000000000000101e-06
9.200000000000000000e+01 1.019499999999999980e-04 1.990000000000000005e-06
9.300000000000000000e+01 1.021899999999999957e-04 1.999999999999999909e-06
9.400000000000000000e+01 1.024999999999999978e-04 2.009999999999999814e-06
9.500000000000000000e+01 1.028300000000000031e-04 2.030000000000000046e-06
9.600000000000000000e+01 1.031700000000000032e-04 2.060000000000000182e-06
9.700000000000000000e+01 1.035300000000000066e-04 2.110000000000000127e-06
9.800000000000000000e+01 1.039099999999999995e-04 2.120000000000000031e-06
9.900000000000000000e+01 1.043000000000000009e-04 2.139999999999999840e-06
1.000000000000000000e+02 1.046999999999999971e-04 2.150000000000000167e-06
1.010000000000000000e+02 1.051300000000000048e-04 2.099999999999999799e-06
1.020000000000000000e+02 1.055599999999999990e-04 2.110000000000000127e-06
1.030000000000000000e+02 1.060200000000000048e-04 2.179999999999999880e-06
1.040000000000000000e+02 1.064900000000000053e-04 2.280000000000000193e-06
1.050000000000000000e+02 1.069700000000000007e-04 2.179999999999999880e-06
1.060000000000000000e+02 1.074799999999999942e-04 2.210000000000000016e-06
1.070000000000000000e+02 1.079900000000000011e-04 2.229999999999999825e-06
1.080000000000000000e+02 1.085300000000000061e-04 2.269999999999999866e-06
1.090000000000000000e+02 1.090699999999999976e-04 2.259999999999999961e-06
1.100000000000000000e+02 1.096400000000000006e-04 2.229999999999999825e-06
1.110000000000000000e+02 1.102199999999999984e-04 2.210000000000000016e-06
1.120000000000000000e+02 1.108199999999999995e-04 2.179999999999999880e-06
1.130000000000000000e+02 1.114299999999999953e-04 2.179999999999999880e-06
1.140000000000000000e+02 1.119999999999999983e-04 2.190000000000000208e-06
1.150000000000000000e+02 1.127500000000000030e-04 2.200000000000000112e-06
1.160000000000000000e+02 1.132899999999999944e-04 2.210000000000000016e-06
1.170000000000000000e+02 1.135600000000000037e-04 2.219999999999999921e-06
1.180000000000000000e+02 1.141199999999999984e-04 2.229999999999999825e-06
1.190000000000000000e+02 1.151800000000000051e-04 2.250000000000000057e-06
1.200000000000000000e+02 1.161800000000000023e-04 2.269999999999999866e-06
1.210000000000000000e+02 1.170400000000000043e-04 2.290000000000000098e-06
1.220000000000000000e+02 1.178000000000000038e-04 2.300000000000000002e-06
1.230000000000000000e+02 1.190300000000000039e-04 2.319999999999999810e-06
1.240000000000000000e+02 1.203600000000000064e-04 2.349999999999999947e-06
1.250000000000000000e+02 1.216000000000000013e-04 2.370000000000000179e-06
1.260000000000000000e+02 1.223899999999999988e-04 2.389999999999999987e-06
1.270000000000000000e+02 1.230399999999999875e-04 2.399999999999999891e-06
1.280000000000000000e+02 1.237499999999999993e-04 2.420000000000000123e-06
1.290000000000000000e+02 1.245300000000000020e-04 2.430000000000000028e-06
1.300000000000000000e+02 1.255399999999999940e-04 2.449999999999999836e-06
1.310000000000000000e+02 1.268800000000000049e-04 2.479999999999999972e-06
1.320000000000000000e+02 1.282300000000000106e-04 2.500000000000000205e-06
1.330000000000000000e+02 1.293300000000000103e-04 2.529999999999999917e-06
1.340000000000000000e+02 1.301999999999999935e-04 2.539999999999999822e-06
1.350000000000000000e+02 1.314300000000000071e-04 2.569999999999999958e-06
1.360000000000000000e+02 1.329500000000000061e-04 2.600000000000000094e-06
1.370000000000000000e+02 1.343200000000000015e-04 2.619999999999999903e-06
1.380000000000000000e+02 1.356399999999999956e-04 2.650000000000000039e-06
1.390000000000000000e+02 1.377299999999999976e-04 2.690000000000000079e-06
1.400000000000000000e+02 1.400200000000000045e-04 2.730000000000000120e-06
1.410000000000000000e+02 1.420199999999999989e-04 2.770000000000000161e-06
1.420000000000000000e+02 1.428900000000000092e-04 2.789999999999999969e-06
1.430000000000000000e+02 1.437599999999999924e-04 2.810000000000000201e-06
1.440000000000000000e+02 1.454200000000000002e-04 2.839999999999999914e-06
1.450000000000000000e+02 1.480200000000000092e-04 2.889999999999999859e-06
1.460000000000000000e+02 1.503599999999999902e-04 2.939999999999999803e-06
1.470000000000000000e+02 1.520699999999999992e-04 2.969999999999999940e-06
1.480000000000000000e+02 1.536099999999999879e-04 2.990000000000000172e-06
1.490000000000000000e+02 1.561300000000000112e-04 3.029999999999999789e-06
1.500000000000000000e+02 1.587199999999999982e-04 3.080000000000000157e-06
1.510000000000000000e+02 1.612100000000000100e-04 3.120000000000000198e-06
1.520000000000000000e+02 1.631000000000000071e-04 3.140000000000000006e-06
1.530000000000000000e+02 1.647399999999999982e-04 3.170000000000000142e-06
1.540000000000000000e+02 1.678499999999999871e-04 3.220000000000000087e-06
1.550000000000000000e+02 1.712899999999999948e-04 3.289999999999999841e-06
1.560000000000000000e+02 1.743899999999999888e-04 3.350000000000000113e-06
1.570000000000000000e+02 1.773099999999999947e-04 3.409999999999999962e-06
1.580000000000000000e+02 1.797900000000000117e-04 3.450000000000000003e-06
1.590000000000000000e+02 1.815999999999999960e-04 3.490000000000000043e-06
1.600000000000000000e+02 1.843600000000000035e-04 3.539999999999999988e-06
1.610000000000000000e+02 1.882900000000000014e-04 3.620000000000000069e-06
1.620000000000000000e+02 1.919500000000000036e-04 3.689999999999999822e-06
1.630000000000000000e+02 1.957700000000000043e-04 3.759999999999999999e-06
1.640000000000000000e+02 2.002700000000000053e-04 3.850000000000000408e-06
1.650000000000000000e+02 2.053500000000000041e-04 3.950000000000000298e-06
1.660000000000000000e+02 2.093499999999999929e-04 4.040000000000000283e-06
1.670000000000000000e+02 2.133699999999999985e-04 4.150000000000000077e-06
1.680000000000000000e+02 2.174099999999999937e-04 4.249999999999999966e-06
1.690000000000000000e+02 2.214700000000000056e-04 4.359999999999999760e-06
1.700000000000000000e+02 2.255500000000000072e-04 4.459999999999999650e-06
1.710000000000000000e+02 2.296499999999999984e-04 4.510000000000000018e-06
1.720000000000000000e+02 2.337800000000000013e-04 4.680000000000000085e-06
1.730000000000000000e+02 2.379199999999999989e-04 4.709999999999999797e-06
1.740000000000000000e+02 2.420900000000000081e-04 4.660000000000000276e-06
1.750000000000000000e+02 2.455900000000000119e-04 4.729999999999999606e-06
1.760000000000000000e+02 2.564099999999999930e-04 4.940000000000000136e-06
1.770000000000000000e+02 2.711699999999999939e-04 5.219999999999999997e-06
1.780000000000000000e+02 2.746399999999999861e-04 5.290000000000000174e-06
1.790000000000000000e+02 2.226899999999999973e-04 4.289999999999999584e-06
1.800000000000000000e+02 2.874099999999999875e-04 5.530000000000000417e-06
1.810000000000000000e+02 1.067459999999999893e-03 2.055000000000000145e-05
1.820000000000000000e+02 5.098700000000000497e-04 9.819999999999999153e-06
1.830000000000000000e+02 3.376300000000000048e-04 6.499999999999999600e-06
1.840000000000000000e+02 3.377599999999999917e-04 6.510000000000000351e-06
1.850000000000000000e+02 3.367600000000000216e-04 6.489999999999999696e-06
1.860000000000000000e+02 3.363299999999999732e-04 6.479999999999999791e-06
1.870000000000000000e+02 3.348599999999999754e-04 6.450000000000000079e-06
1.880000000000000000e+02 3.279700000000000193e-04 6.319999999999999629e-06
1.890000000000000000e+02 3.237000000000000077e-04 6.240000000000000395e-06
1.900000000000000000e+02 3.285699999999999797e-04 6.330000000000000381e-06
1.910000000000000000e+02 3.403200000000000214e-04 6.559999999999999873e-06
1.920000000000000000e+02 3.529599999999999817e-04 6.810000000000000020e-06
1.930000000000000000e+02 3.666899999999999739e-04 7.070000000000000072e-06
1.940000000000000000e+02 3.794499999999999804e-04 7.320000000000000219e-06
1.950000000000000000e+02 3.916300000000000163e-04 7.549999999999999711e-06
1.960000000000000000e+02 4.010299999999999737e-04 7.730000000000000529e-06
1.970000000000000000e+02 4.099700000000000067e-04 7.910000000000000500e-06
1.980000000000000000e+02 4.220699999999999756e-04 8.139999999999999992e-06
1.990000000000000000e+02 4.362699999999999955e-04 8.420000000000000699e-06
2.000000000000000000e+02 4.492000000000000224e-04 8.669999999999999999e-06
2.010000000000000000e+02 4.627499999999999994e-04 8.940000000000000802e-06
2.020000000000000000e+02 4.721300000000000214e-04 9.140000000000000582e-06
2.030000000000000000e+02 4.807400000000000085e-04 9.330000000000000457e-06
2.040000000000000000e+02 4.969100000000000383e-04 9.670000000000000589e-06
2.050000000000000000e+02 5.083299999999999798e-04 9.919999999999999890e-06
2.060000000000000000e+02 5.150899999999999489e-04 1.008000000000000005e-05
2.070000000000000000e+02 5.228200000000000121e-04 1.026000000000000002e-05
2.080000000000000000e+02 5.280400000000000198e-04 1.040000000000000038e-05
2.090000000000000000e+02 5.385599999999999936e-04 1.063999999999999977e-05
2.100000000000000000e+02 5.520600000000000507e-04 1.095000000000000019e-05
2.110000000000000000e+02 5.579299999999999928e-04 1.111000000000000035e-05
2.120000000000000000e+02 5.551900000000000021e-04 1.110000000000000045e-05
2.130000000000000000e+02 5.609799999999999856e-04 1.126000000000000061e-05
2.140000000000000000e+02 5.711800000000000167e-04 1.151999999999999982e-05
2.150000000000000000e+02 5.768799999999999926e-04 1.164000000000000036e-05
2.160000000000000000e+02 5.720299999999999560e-04 1.153999999999999963e-05
2.170000000000000000e+02 5.714700000000000292e-04 1.152999999999999972e-05
2.180000000000000000e+02 5.782100000000000087e-04 1.166000000000000017e-05
2.190000000000000000e+02 5.769300000000000209e-04 1.164000000000000036e-05
2.200000000000000000e+02 5.726299999999999706e-04 1.154999999999999953e-05
2.210000000000000000e+02 5.659999999999999884e-04 1.140999999999999918e-05
2.220000000000000000e+02 5.668099999999999484e-04 1.143000000000000068e-05
2.230000000000000000e+02 5.682400000000000211e-04 1.146000000000000039e-05
2.240000000000000000e+02 5.646899999999999619e-04 1.137999999999999946e-05
2.250000000000000000e+02 5.576300000000000397e-04 1.124000000000000080e-05
2.260000000000000000e+02 5.565400000000000078e-04 1.121999999999999930e-05
2.270000000000000000e+02 5.570800000000000534e-04 1.122999999999999921e-05
2.280000000000000000e+02 5.485899999999999501e-04 1.104999999999999924e-05
2.290000000000000000e+02 5.401400000000000428e-04 1.087999999999999917e-05
2.300000000000000000e+02 5.339900000000000289e-04 1.076000000000000032e-05
2.310000000000000000e+02 5.260399999999999712e-04 1.060000000000000016e-05
2.320000000000000000e+02 5.217000000000000500e-04 1.050999999999999932e-05
2.330000000000000000e+02 5.228000000000000225e-04 1.053000000000000083e-05
2.340000000000000000e+02 5.187500000000000054e-04 1.043999999999999999e-05
2.350000000000000000e+02 5.103399999999999690e-04 1.026999999999999993e-05
2.360000000000000000e+02 5.108400000000000354e-04 1.026999999999999993e-05
2.370000000000000000e+02 5.107300000000000381e-04 1.026999999999999993e-05
2.380000000000000000e+02 5.049600000000000442e-04 1.014999999999999938e-05
2.390000000000000000e+02 5.036199999999999791e-04 1.012999999999999957e-05
2.400000000000000000e+02 5.029900000000000343e-04 1.010999999999999976e-05
2.410000000000000000e+02 4.965899999999999872e-04 9.979999999999999315e-06
2.420000000000000000e+02 4.940699999999999910e-04 9.929999999999999794e-06
2.430000000000000000e+02 4.909200000000000499e-04 9.870000000000000369e-06
2.440000000000000000e+02 4.848899999999999738e-04 9.739999999999999919e-06
2.450000000000000000e+02 4.843100000000000031e-04 9.730000000000000015e-06
2.460000000000000000e+02 4.789999999999999879e-04 9.619999999999999374e-06
2.470000000000000000e+02 4.736900000000000268e-04 9.520000000000000332e-06
2.480000000000000000e+02 4.723500000000000159e-04 9.490000000000000619e-06
2.490000000000000000e+02 4.728099999999999946e-04 9.500000000000000523e-06
2.500000000000000000e+02 4.716300000000000093e-04 9.470000000000000810e-06
2.510000000000000000e+02 4.670899999999999748e-04 9.379999999999999978e-06
2.520000000000000000e+02 4.653400000000000136e-04 9.350000000000000265e-06
2.530000000000000000e+02 4.647899999999999731e-04 9.330000000000000457e-06
2.540000000000000000e+02 4.690200000000000055e-04 9.419999999999999595e-06
2.550000000000000000e+02 4.744300000000000231e-04 9.530000000000000236e-06
2.560000000000000000e+02 4.821900000000000166e-04 9.680000000000000494e-06
2.570000000000000000e+02 4.875400000000000111e-04 9.789999999999999441e-06
2.580000000000000000e+02 4.946599999999999565e-04 9.929999999999999794e-06
2.590000000000000000e+02 5.063100000000000499e-04 1.015999999999999929e-05
2.600000000000000000e+02 5.290899999999999640e-04 1.061999999999999996e-05
2.610000000000000000e+02 5.605399999999999966e-04 1.125000000000000071e-05
2.620000000000000000e+02 5.864600000000000195e-04 1.175999999999999921e-05
2.630000000000000000e+02 6.052199999999999551e-04 1.211999999999999916e-05
2.640000000000000000e+02 5.967499999999999498e-04 1.192999999999999928e-05
2.650000000000000000e+02 7.477399999999999932e-04 1.492999999999999936e-05
2.660000000000000000e+02 9.517800000000000522e-04 1.898000000000000124e-05
2.670000000000000000e+02 7.376600000000000084e-04 1.469999999999999986e-05
2.680000000000000000e+02 7.063399999999999627e-04 1.410000000000000053e-05
2.690000000000000000e+02 7.083400000000000113e-04 1.418999999999999966e-05
2.700000000000000000e+02 7.103100000000000212e-04 1.428000000000000050e-05
2.710000000000000000e+02 7.091400000000000307e-04 1.430000000000000031e-05
2.720000000000000000e+02 6.911299999999999779e-04 1.398999999999999989e-05
2.730000000000000000e+02 6.617700000000000015e-04 1.344999999999999997e-05
2.740000000000000000e+02 6.502600000000000524e-04 1.326000000000000010e-05
2.750000000000000000e+02 6.572499999999999567e-04 1.344000000000000007e-05
2.760000000000000000e+02 6.638300000000000190e-04 1.357000000000000052e-05
2.770000000000000000e+02 6.696300000000000516e-04 1.368999999999999937e-05
2.780000000000000000e+02 6.742399999999999956e-04 1.378000000000000020e-05
2.790000000000000000e+02 6.729099999999999795e-04 1.376000000000000039e-05
2.800000000000000000e+02 6.705599999999999495e-04 1.370999999999999918e-05
2.810000000000000000e+02 6.693699999999999694e-04 1.368999999999999937e-05
2.820000000000000000e+02 6.741100000000000087e-04 1.378000000000000020e-05
2.830000000000000000e+02 6.852199999999999480e-04 1.400999999999999969e-05
2.840000000000000000e+02 6.960799999999999627e-04 1.422999999999999928e-05
2.850000000000000000e+02 7.134900000000000009e-04 1.458999999999999922e-05
2.860000000000000000e+02 7.376900000000000471e-04 1.508999999999999952e-05
2.870000000000000000e+02 7.660600000000000482e-04 1.567000000000000074e-05
2.880000000000000000e+02 7.928800000000000387e-04 1.622000000000000056e-05
2.890000000000000000e+02 8.136000000000000437e-04 1.675999999999999878e-05
2.900000000000000000e+02 8.318600000000000213e-04 1.726000000000000076e-05
2.910000000000000000e+02 8.508600000000000494e-04 1.779000000000000077e-05
2.920000000000000000e+02 8.620999999999999757e-04 1.815999999999999892e-05
2.930000000000000000e+02 8.729200000000000110e-04 1.853000000000000046e-05
2.940000000000000000e+02 8.890799999999999918e-04 1.902999999999999906e-05
2.950000000000000000e+02 9.047200000000000250e-04 1.947999999999999984e-05
2.960000000000000000e+02 9.228899999999999951e-04 1.987999999999999940e-05
2.970000000000000000e+02 9.447499999999999518e-04 2.036000000000000158e-05
2.980000000000000000e+02 9.805300000000000734e-04 2.114999999999999910e-05
2.990000000000000000e+02 1.030050000000000019e-03 2.222999999999999892e-05
3.000000000000000000e+02 1.077639999999999935e-03 2.330000000000000053e-05
3.010000000000000000e+02 1.059800000000000065e-03 2.296000000000000040e-05
3.020000000000000000e+02 1.021460000000000076e-03 2.222000000000000071e-05
3.030000000000000000e+02 1.002850000000000009e-03 2.199000000000000122e-05
3.040000000000000000e+02 9.937500000000000586e-04 2.214000000000000148e-05
3.050000000000000000e+02 1.443990000000000030e-03 3.419999999999999782e-05
3.060000000000000000e+02 6.742539999999999992e-03 1.685199999999999925e-04
3.070000000000000000e+02 8.942669999999999786e-03 2.430499999999999989e-04
3.080000000000000000e+02 8.293109999999999371e-03 2.832600000000000222e-04
3.090000000000000000e+02 1.230819000000000010e-02 7.706600000000000516e-04
3.100000000000000000e+02 -4.277470000000000230e-03 1.379610000000000081e-03
3.110000000000000000e+02 -2.483685999999999880e-02 1.206859999999999921e-03
3.120000000000000000e+02 -6.003681000000000295e-02 1.957280000000000044e-03
3.130000000000000000e+02 -9.191567999999999961e-02 2.605969999999999988e-03
3.140000000000000000e+02 -4.038016999999999995e-02 1.087169999999999933e-03
3.150000000000000000e+02 -9.713336999999999666e-02 2.573690000000000005e-03
3.160000000000000000e+02 -1.633374099999999884e-01 4.330030000000000337e-03
3.170000000000000000e+02 -2.565206800000000009e-01 6.861130000000000007e-03
3.180000000000000000e+02 -2.935319699999999754e-01 7.957840000000000746e-03
3.190000000000000000e+02 -3.794096599999999819e-01 1.045362000000000027e-02
3.200000000000000000e+02 -1.357564070000000012e+00 3.807329999999999742e-02
3.210000000000000000e+02 -5.138519499999999463e-01 1.468284000000000082e-02
3.220000000000000000e+02 -1.263226289999999974e+00 3.679647999999999947e-02
3.230000000000000000e+02 -1.228586229999999890e+00 3.649366999999999889e-02
3.240000000000000000e+02 -1.198682150000000002e+00 3.631323000000000190e-02
3.250000000000000000e+02 -2.117584069999999929e+00 6.542810999999999766e-02
3.260000000000000000e+02 -4.134292819999999757e+00 1.302770500000000053e-01
3.270000000000000000e+02 -2.368896608000000015e+01 7.612236700000000189e-01
