0.00000000 2.64585154 0.00881151
1.00000000 2.63840041 0.00881151
2.00000000 2.63094928 0.00881152
3.00000000 2.62349814 0.00881151
4.00000000 2.61604701 0.00881151
5.00000000 2.60859588 0.00881152
6.00000000 2.60114474 0.00881151
7.00000000 2.59369361 0.00881151
8.00000000 2.58624248 0.00881152
9.00000000 2.57879134 0.00881151
10.00000000 2.57134021 0.00881152
11.00000000 2.56388907 0.00881151
12.00000000 2.55643794 0.00881151
13.00000000 2.54898681 0.00881152
14.00000000 2.54153567 0.00881151
15.00000000 2.53408454 0.00881151
16.00000000 2.52663341 0.00881152
17.00000000 2.51918227 0.00881151
18.00000000 2.51173114 0.00881152
19.00000000 2.50428000 0.00881010
20.00000000 2.49682887 0.00880870
21.00000000 2.48937774 0.00880732
22.00000000 2.48192660 0.00880590
23.00000000 2.47447547 0.00880450
24.00000000 2.46702434 0.00880312
25.00000000 2.45957320 0.00880170
26.00000000 2.45212207 0.00880031
27.00000000 2.44467093 0.00879890
28.00000000 2.43721980 0.00879750
29.00000000 2.42976867 0.00879611
30.00000000 2.42231753 0.00879470
31.00000000 2.41486640 0.00879330
32.00000000 2.40741527 0.00879191
33.00000000 2.39996413 0.00879050
34.00000000 2.39251300 0.00878910
35.00000000 2.38506187 0.00878771
36.00000000 2.37761073 0.00878630
37.00000000 2.37015960 0.00878491
38.00000000 2.36270846 0.00878350
39.00000000 2.35525733 0.00878210
40.00000000 2.34780620 0.00878071
41.00000000 2.34035506 0.00877930
42.00000000 2.33290393 0.00877790
43.00000000 2.32545280 0.00877651
44.00000000 2.31800166 0.00877510
45.00000000 2.31055053 0.00877371
46.00000000 2.30309939 0.00877230
47.00000000 2.29564826 0.00877090
48.00000000 2.28819713 0.00876951
49.00000000 2.28074599 0.00876810
50.00000000 2.27329486 0.00876670
51.00000000 2.26584373 0.00876531
52.00000000 2.25839259 0.00876390
53.00000000 2.25094146 0.00876251
54.00000000 2.24349032 0.00876110
55.00000000 2.23603919 0.00875970
56.00000000 2.22858806 0.00875831
57.00000000 2.22113692 0.00875689
58.00000000 2.21368579 0.00875549
59.00000000 2.20623466 0.00875411
60.00000000 2.19878352 0.00875269
61.00000000 2.19133239 0.00875131
62.00000000 2.18388125 0.00874989
63.00000000 2.17643012 0.00874849
64.00000000 2.16897899 0.00874710
65.00000000 2.16152785 0.00874569
66.00000000 2.15407672 0.00874429
67.00000000 2.14662559 0.00874290
68.00000000 2.13917445 0.00874149
69.00000000 2.13172332 0.00874009
70.00000000 2.12427219 0.00873870
71.00000000 2.11682105 0.00873729
72.00000000 2.10936992 0.00873590
73.00000000 2.10191878 0.00873449
74.00000000 2.09446765 0.00873309
75.00000000 2.08701652 0.00873170
76.00000000 2.07956538 0.00873029
77.00000000 2.07211425 0.00872889
78.00000000 2.06466312 0.00872750
79.00000000 2.05721198 0.00872609
80.00000000 2.04976085 0.00872470
81.00000000 2.04230971 0.00872329
82.00000000 2.03485858 0.00872189
83.00000000 2.02740745 0.00872050
84.00000000 2.01995631 0.00871909
85.00000000 2.01250518 0.00871769
86.00000000 2.00505405 0.00871630
87.00000000 1.99760291 0.00871489
88.00000000 1.99015178 0.00871350
89.00000000 1.98270064 0.00871209
90.00000000 1.97524951 0.00871069
91.00000000 1.96779838 0.00870930
92.00000000 1.96034724 0.00870789
93.00000000 1.95289611 0.00870648
94.00000000 1.94544498 0.00870510
95.00000000 1.93799384 0.00870368
96.00000000 1.93054271 0.00870228
97.00000000 1.92309158 0.00870090
98.00000000 1.91564044 0.00869948
99.00000000 1.90818931 0.00869809
100.00000000 1.90073817 0.00869668
101.00000000 1.89328704 0.00869528
102.00000000 1.88583591 0.00869389
103.00000000 1.87838477 0.00869248
104.00000000 1.87093364 0.00869108
105.00000000 1.86348251 0.00868969
106.00000000 1.85603137 0.00868828
107.00000000 1.84858024 0.00868689
108.00000000 1.84112910 0.00868548
109.00000000 1.83367797 0.00868408
110.00000000 1.82622684 0.00868269
111.00000000 1.81877570 0.00868128
112.00000000 1.81132457 0.00867988
113.00000000 1.80387344 0.00867849
114.00000000 1.79642230 0.00867708
115.00000000 1.78897117 0.00867569
116.00000000 1.78152003 0.00867428
117.00000000 1.77406890 0.00867288
118.00000000 1.76661777 0.00867149
119.00000000 1.75916663 0.00867008
120.00000000 1.75171550 0.00866868
121.00000000 1.74426437 0.00866729
122.00000000 1.73681323 0.00866588
123.00000000 1.72936210 0.00866448
124.00000000 1.72191097 0.00866309
125.00000000 1.71445983 0.00866168
126.00000000 1.70700870 0.00866029
127.00000000 1.69955756 0.00865888
128.00000000 1.69210643 0.00865748
129.00000000 1.68465530 0.00865609
130.00000000 1.67720416 0.00865467
131.00000000 1.66975303 0.00865327
132.00000000 1.66230190 0.00865189
133.00000000 1.65485076 0.00865047
134.00000000 1.64739963 0.00864909
135.00000000 1.63994849 0.00864767
136.00000000 1.63249736 0.00864627
137.00000000 1.62504623 0.00864488
138.00000000 1.61759509 0.00864347
139.00000000 1.61014396 0.00864207
140.00000000 1.60269283 0.00864068
141.00000000 1.59524169 0.00863927
142.00000000 1.58779056 0.00863788
143.00000000 1.58033942 0.00863647
144.00000000 1.57288829 0.00863507
145.00000000 1.56543716 0.00863368
146.00000000 1.55798602 0.00863227
147.00000000 1.55053489 0.00863087
148.00000000 1.54308376 0.00862948
149.00000000 1.53563262 0.00862807
150.00000000 1.52818149 0.00862667
151.00000000 1.52073036 0.00862528
152.00000000 1.51327922 0.00862387
153.00000000 1.50582809 0.00862248
154.00000000 1.49837695 0.00862107
155.00000000 1.49092582 0.00861967
156.00000000 1.48347469 0.00861828
157.00000000 1.47602355 0.00861687
158.00000000 1.46857242 0.00861547
159.00000000 1.46112129 0.00861408
160.00000000 1.45367015 0.00861267
161.00000000 1.44621902 0.00861128
162.00000000 1.43876788 0.00860987
163.00000000 1.43131675 0.00860847
164.00000000 1.42386562 0.00860708
165.00000000 1.41641448 0.00860567
166.00000000 1.40896335 0.00860427
167.00000000 1.40151222 0.00860288
168.00000000 1.39406108 0.00860146
169.00000000 1.38660995 0.00860008
170.00000000 1.37915881 0.00859866
171.00000000 1.37170768 0.00859726
172.00000000 1.36425655 0.00859588
173.00000000 1.35680541 0.00859446
174.00000000 1.34935428 0.00859306
175.00000000 1.34190315 0.00859167
176.00000000 1.33445201 0.00859026
177.00000000 1.32700088 0.00858886
178.00000000 1.31954975 0.00858747
179.00000000 1.31209861 0.00858606
180.00000000 1.30464748 0.00858467
181.00000000 1.29719634 0.00858326
182.00000000 1.28974521 0.00858186
183.00000000 1.28229408 0.00858047
184.00000000 1.27484294 0.00857906
185.00000000 1.26739181 0.00857766
186.00000000 1.25994068 0.00857627
187.00000000 1.25248954 0.00857486
188.00000000 1.24503841 0.00857347
189.00000000 1.23758727 0.00857206
190.00000000 1.23013614 0.00857066
191.00000000 1.22268501 0.00856927
192.00000000 1.21523387 0.00856786
193.00000000 1.20778274 0.00856646
194.00000000 1.20033161 0.00856507
195.00000000 1.19288047 0.00856366
196.00000000 1.18542934 0.00856227
197.00000000 1.17797820 0.00856086
198.00000000 1.17052707 0.00855946
199.00000000 1.16307594 0.00855807
200.00000000 1.15562480 0.00855666
201.00000000 1.14817367 0.00855526
202.00000000 1.14072254 0.00855387
203.00000000 1.13327140 0.00855246
204.00000000 1.12582027 0.00855105
205.00000000 1.11836914 0.00854967
206.00000000 1.11091800 0.00854825
207.00000000 1.10346687 0.00854687
208.00000000 1.09601573 0.00854545
209.00000000 1.08856460 0.00854405
210.00000000 1.08111347 0.00854266
211.00000000 1.07366233 0.00854125
212.00000000 1.06621120 0.00853985
213.00000000 1.05876007 0.00853846
214.00000000 1.05130893 0.00853705
215.00000000 1.04385780 0.00853566
216.00000000 1.03640666 0.00853425
217.00000000 1.02895553 0.00853285
218.00000000 1.02150440 0.00853146
219.00000000 1.01405326 0.00853005
220.00000000 1.00660213 0.00852865
221.00000000 0.99915100 0.00852726
222.00000000 0.99169986 0.00852585
223.00000000 0.98424873 0.00852446
224.00000000 0.97679759 0.00852305
225.00000000 0.96934646 0.00852165
226.00000000 0.96189533 0.00852026
227.00000000 0.95444419 0.00851885
228.00000000 0.94699306 0.00851745
229.00000000 0.93954193 0.00851606
230.00000000 0.93209079 0.00851465
231.00000000 0.92463966 0.00851325
232.00000000 0.91718853 0.00851186
233.00000000 0.90973739 0.00851045
234.00000000 0.90228626 0.00850906
235.00000000 0.89483512 0.00850765
236.00000000 0.88738399 0.00850625
237.00000000 0.87993286 0.00850486
238.00000000 0.87248172 0.00850345
239.00000000 0.86503059 0.00850205
240.00000000 0.85757946 0.00850066
241.00000000 0.85012832 0.00849924
242.00000000 0.84267719 0.00849786
243.00000000 0.83522605 0.00849644
244.00000000 0.82777492 0.00849504
245.00000000 0.82032379 0.00849366
246.00000000 0.81287265 0.00849224
247.00000000 0.80542152 0.00849084
248.00000000 0.79797039 0.00848945
249.00000000 0.79051925 0.00848804
250.00000000 0.78306812 0.00848665
251.00000000 0.77561698 0.00848524
252.00000000 0.76816585 0.00848384
253.00000000 0.76071472 0.00848245
254.00000000 0.75326358 0.00848104
255.00000000 0.74581245 0.00847964
256.00000000 0.73836132 0.00847825
257.00000000 0.73091018 0.00847684
258.00000000 0.72345905 0.00847545
259.00000000 0.71600791 0.00847404
260.00000000 0.70855678 0.00847264
261.00000000 0.70110565 0.00847125
262.00000000 0.69365451 0.00846984
263.00000000 0.68620338 0.00846844
264.00000000 0.67875225 0.00846705
265.00000000 0.67130111 0.00846564
266.00000000 0.66384998 0.00846424
267.00000000 0.65639885 0.00846285
268.00000000 0.64894771 0.00846144
269.00000000 0.64149658 0.00846005
270.00000000 0.63404544 0.00845864
271.00000000 0.62659431 0.00845724
272.00000000 0.61914318 0.00845585
273.00000000 0.61169204 0.00845444
274.00000000 0.60424091 0.00845304
275.00000000 0.59678978 0.00845165
276.00000000 0.58933864 0.00845024
277.00000000 0.58188751 0.00844885
278.00000000 0.57443637 0.00844743
279.00000000 0.56698524 0.00844603
280.00000000 0.55953411 0.00844465
281.00000000 0.55208297 0.00844323
282.00000000 0.54463184 0.00844183
283.00000000 0.53718071 0.00844044
284.00000000 0.52972957 0.00843903
285.00000000 0.52227844 0.00843764
286.00000000 0.51482730 0.00843623
287.00000000 0.50737617 0.00843483
288.00000000 0.49992504 0.00843344
289.00000000 0.49247390 0.00843203
290.00000000 0.48502277 0.00843063
291.00000000 0.47757164 0.00842924
292.00000000 0.47012050 0.00842783
293.00000000 0.46266937 0.00842643
294.00000000 0.45521824 0.00842504
295.00000000 0.44776710 0.00842363
296.00000000 0.44031597 0.00842224
297.00000000 0.43286483 0.00842083
298.00000000 0.42541370 0.00841943
299.00000000 0.41796257 0.00841804
300.00000000 0.41051143 0.00841663
301.00000000 0.40306030 0.00841523
302.00000000 0.39560917 0.00841524
303.00000000 0.38815803 0.00841523
304.00000000 0.38070690 0.00841524
305.00000000 0.37325576 0.00841523
306.00000000 0.36580463 0.00841523
307.00000000 0.35835350 0.00841524
308.00000000 0.35090236 0.00841523
309.00000000 0.34345123 0.00841523
310.00000000 0.33600010 0.00841524
311.00000000 0.32854896 0.00841523
312.00000000 0.32109783 0.00841524
313.00000000 0.31364669 0.00841523
314.00000000 0.30619556 0.00841523
315.00000000 0.29874443 0.00841524
316.00000000 0.29129329 0.00841523
317.00000000 0.28384216 0.00841523
318.00000000 0.27639103 0.00841524
319.00000000 0.26893989 0.00841523
320.00000000 0.26148876 0.00841523
321.00000000 0.25403763 0.00841524
322.00000000 0.24658649 0.00841523
323.00000000 0.23913536 0.00841524
324.00000000 0.23168422 0.00841523
325.00000000 0.22423309 0.00841523
326.00000000 0.21678196 0.00841524
327.00000000 0.20933082 0.00841524
