273.89768585 274.43075592 15.00905295 0.00076090
272.91204936 283.60592418 16.33151367 0.00088847
271.92333926 292.14855025 18.47844758 0.00108591
270.93463346 301.48126609 20.68875516 0.00123301

262.98632748 182.93675360 9.07105462 0.00048643
257.97842274 225.53185807 8.80995122 0.00050327
255.00215277 245.61649022 7.06209970 0.00042968

248.02404523 182.63556715 7.53611320 0.00081331
237.49377868 252.45132695 11.70031741 0.00071663
236.48165961 257.86078887 14.19950175 0.00078911

228.55290851 182.34779146 16.48298340 0.00043070
227.56178296 184.66557535 29.54211958 0.00076824
226.56280532 189.37670814 37.78493171 0.00094439
225.56557253 194.60685948 43.35008817 0.00104131
224.57507550 199.32856898 53.02071275 0.00127193
223.55559536 204.61505188 52.54172813 0.00129505
222.54643725 209.54999494 64.36998531 0.00157299
221.54628814 214.34926785 67.11739221 0.00161080
220.55117401 219.37804208 70.63153282 0.00168231
219.61739415 224.28744359 68.26512228 0.00171542
218.80964666 228.38036607 58.38102527 0.00224031
217.80807167 233.46326723 45.93154283 0.00170944
216.82094553 238.46847252 59.07336000 0.00218008
215.84414867 243.32705652 54.46732928 0.00205989
214.86413749 248.37954614 58.28039623 0.00228449
213.85650307 253.27290962 56.40102492 0.00216918
212.87593619 258.13895060 58.00061492 0.00217567
211.89011029 261.69836138 46.76049316 0.00171279

196.94115014 181.79035936 103.24049898 0.00329787
195.95162596 184.67560301 250.00154129 0.00792909

194.94019870 188.51390262 286.28601730 0.00896478
193.93905850 192.40284435 275.29269468 0.00839190
193.11515201 195.99306071 221.23373313 0.00828540
192.03168126 200.11357066 184.58636792 0.00816591
191.04063208 204.07192183 183.40646911 0.00775893
190.04348080 208.10444863 179.93083264 0.00739024
189.06234952 212.10372358 194.63587456 0.00780786
188.07740272 216.03617258 193.16965651 0.00777010
187.10867730 219.93305877 197.81795658 0.00789818

186.12838587 223.83184184 180.51976269 0.00708478
185.14526944 226.60018115 88.19888280 0.00340837

184.15202128 229.62815433 27.26289092 0.00105262
183.15096751 233.39663740 24.00596668 0.00094589
182.15736817 237.77621606 22.09205562 0.00087390
180.36443135 242.31336824 25.82403305 0.00098638
179.73701998 246.95042972 23.75423318 0.00087496
178.97282765 250.82530726 24.73467763 0.00079134
178.09804770 253.97979982 19.83335455 0.00057587
177.09403590 257.10463549 20.21722653 0.00054850
176.08934248 260.92153627 15.09478011 0.00038313

180.36443135 69.08362714 14.06260750 0.00053714
179.73701998 73.06235904 31.16838910 0.00114806

178.97282765 75.95715365 36.26076126 0.00116010
178.09804770 78.91968561 35.97489309 0.00104455
177.09403590 81.96829127 34.17166529 0.00092709
176.08934248 84.24046490 29.14443381 0.00073973
175.09725270 87.37235525 27.32293944 0.00065015

174.10394781 90.75526020 34.50834450 0.00082886
173.16245094 93.78143835 21.70350576 0.00064036
172.15422948 96.56502250 24.51954074 0.00080228
171.15597292 99.41200666 20.78197744 0.00065414
170.16899508 102.23295436 22.83590803 0.00070411
169.16379536 104.92915261 20.14563981 0.00062743
168.16533247 109.19377732 17.24317874 0.00053827
167.16033111 111.00235896 15.12750489 0.00049725
166.15513658 114.67364164 23.65975099 0.00074443
165.15186406 118.18500716 21.16248531 0.00062568
164.15627084 121.18629733 21.34968761 0.00062214
163.16168770 124.16533735 21.01432147 0.00059795
162.15684329 126.53588242 18.45830075 0.00052550
161.17208210 130.13506843 23.35844208 0.00066632
160.16949089 132.26360094 12.76019043 0.00035029
158.19072119 139.06523789 18.72761737 0.00051998
157.20294228 142.39092369 11.54270028 0.00032294
156.20278097 145.28756753 19.49698223 0.00054275
155.20614425 148.13998138 13.24254403 0.00036576
154.17413258 150.73797007 12.09760755 0.00029197
153.17746707 153.48926092 11.60604498 0.00028966
152.18526952 157.03665263 8.49458986 0.00023207
151.18115124 159.46089577 14.19541978 0.00039776
150.17932819 163.32371718 8.30078622 0.00023457
149.18387649 164.07574221 15.54272944 0.00044174
148.18230913 168.34829554 13.00739755 0.00037258
147.18513747 170.86356753 9.64303221 0.00027920

121.74101307 17.04591023 14.60534213 0.00031852
120.72717899 18.09745185 27.24462346 0.00057218
119.70790273 19.79615039 33.12711913 0.00069906
118.70008291 21.75000137 35.57914556 0.00073471
117.69529216 23.61491028 40.39728970 0.00085119
116.69576070 25.01192486 50.70338365 0.00107774

115.67941582 27.78250113 47.07616654 0.00103498
114.67727959 29.38928591 48.69612805 0.00109511
113.66130411 31.50022790 45.74685983 0.00104881
112.65991904 33.33294913 45.04837869 0.00108852
111.65565085 35.63688300 45.15782760 0.00115188
110.62827244 37.74932345 41.72016073 0.00115422
109.64264783 40.01525876 41.08408640 0.00119892
108.64850328 41.94011833 46.33887163 0.00154837
107.61205520 43.74655987 38.57122529 0.00117249
106.63052587 45.79172846 37.76724574 0.00117187
105.63161400 47.56330869 33.51877474 0.00111025
104.67904672 49.87995493 39.14584495 0.00131172
103.65609341 51.82417809 27.32322722 0.00114755
102.63334301 53.78663263 41.45407213 0.00139420
101.67351051 55.84121592 44.18104506 0.00146184
100.68171708 57.80252596 37.57304737 0.00124711
99.69707683 59.51876255 36.92332526 0.00134112
98.69735444 61.82768415 41.87689970 0.00146648
97.70585952 63.81949345 46.45611370 0.00164611
96.66866239 65.76903638 45.81036678 0.00157614
95.67384819 67.87075412 48.18483419 0.00158372
94.65623540 70.00223914 51.62029749 0.00156380
93.64593674 71.79194730 47.60887166 0.00143069
92.63271320 73.97604439 53.01194830 0.00160936
91.64946904 75.87719220 43.50761193 0.00134274
90.62865275 77.96801728 53.28918431 0.00163293
89.61235376 79.90778893 53.96559118 0.00165044
88.61760266 82.01635493 55.14127870 0.00168815
87.59734914 84.02540391 44.61321848 0.00139422
86.58385121 85.75182490 51.86679674 0.00168524
85.58223182 88.17041781 47.12809080 0.00142087
84.50977418 90.13395061 57.11604998 0.00165580
83.50714553 92.19932611 62.74142598 0.00184679
82.49754481 94.27284572 52.32401778 0.00153039
81.48704950 96.35279117 60.62404481 0.00177272
80.48847587 98.32121728 55.57881004 0.00171938
79.47461095 100.30592147 56.11655104 0.00175171
78.49529362 102.25648111 52.32561427 0.00171538
77.47606222 104.35737504 57.94880503 0.00192887
76.47984631 106.35627482 56.42885952 0.00188623
75.48526286 108.37267795 53.38890574 0.00185517
74.51927227 110.20656904 59.44408676 0.00200846
73.50534729 112.11654552 53.73240654 0.00191130
72.49589716 114.31015074 47.94623588 0.00174458
71.51743186 116.31548790 51.01787639 0.00191282
70.51364841 118.17263016 49.19504886 0.00180112
69.52488536 120.23100718 51.98282687 0.00201164
68.51119559 122.11800862 48.71021549 0.00192051
67.51499975 124.18832272 46.83440897 0.00192066
66.50722197 126.23317805 43.41407229 0.00176729
65.49082221 128.23742539 36.60840344 0.00162056
64.50356719 130.33992288 38.57122061 0.00176356
63.48459084 132.00474035 38.26188447 0.00177295
62.49460952 134.08409545 38.24010179 0.00178586
61.46787953 136.36533623 35.50066028 0.00178319
60.43492532 138.41262287 38.31099266 0.00200407
59.43716812 140.54063505 37.99555691 0.00208482
58.29019773 142.83299667 48.77618507 0.00209756
57.26933228 144.72225359 60.84145479 0.00239397
56.26452846 146.77950238 65.30849603 0.00265815
55.25221525 148.74986685 60.31025929 0.00246846
54.26793850 150.72469300 53.49770491 0.00223682
53.26327027 152.79943634 55.98290434 0.00238784
52.26576392 154.57887619 53.63050754 0.00241572
51.23512565 156.68458145 46.42537161 0.00219316
50.16216443 158.83019182 58.43810481 0.00228029
49.16252923 160.95738209 61.90954128 0.00236045
48.14453806 162.96274438 55.49140193 0.00209932
47.14789810 165.00437364 56.52809090 0.00215363
46.16894757 166.97405767 57.69486372 0.00226573
45.18752584 168.86908702 55.02888806 0.00222524

44.17014254 170.92385469 55.59141175 0.00236446
42.97968682 173.19638593 63.02156229 0.00210944
41.76037852 175.47693175 72.40596221 0.00190081
40.76209630 177.40931509 63.30909208 0.00173771
39.74622445 178.92342159 51.20780236 0.00147729
38.76361443 179.70416008 39.52219238 0.00119071
37.74648393 181.22007609 32.05207029 0.00101512
36.75434944 184.19099117 14.86190917 0.00049219
35.75304078 183.12112751 19.64854981 0.00070654

